-30.000000
-9.000000
0.010000
0.500000
-60.000000
8.893343
15.000000
0.500000
-39.000000
-10.000000
0.010000
0.500000
-65.000000
10.000000
15.000000
0.500000
0.000000
-14.000000
3.000000
0.400000
0.000000
0.000000
0.000000
0.000000
-31.000000
-10.000000
2.000000
0.500000
-35.000000
8.000000
25.000000
0.500000
23.055829
118.842396
-30.000000
-30.000000
-10.000000
-10.000000
3.156886
14.916802
50.000000
1000.000000
1000.000000
3500.000000
5000.000000
80.000000
900.000000
1000.000000
3000.000000
4800.000000
1.100000
0.000000
40.000000
35.000000
0.500000
0.050000
0.000000
0.000000
0.000000
0.000000
0.000000
