10	-76.9248
10.02	-76.9248
10.04	-76.9246
10.06	-76.9239
10.08	-76.9222
10.1	-76.9194
10.12	-76.9151
10.14	-76.9092
10.16	-76.9015
10.18	-76.892
10.2	-76.8806
10.22	-76.8672
10.24	-76.8519
10.26	-76.8346
10.28	-76.8154
10.3	-76.7943
10.32	-76.7714
10.34	-76.7467
10.36	-76.7203
10.38	-76.6921
10.4	-76.6624
10.42	-76.6311
10.44	-76.5983
10.46	-76.5641
10.48	-76.5286
10.5	-76.4917
10.52	-76.4537
10.54	-76.4145
10.56	-76.3743
10.58	-76.333
10.6	-76.2908
10.62	-76.2476
10.64	-76.2037
10.66	-76.1589
10.68	-76.1135
10.7	-76.0674
10.72	-76.0206
10.74	-75.9733
10.76	-75.9255
10.78	-75.8772
10.8	-75.8285
10.82	-75.7794
10.84	-75.7299
10.86	-75.6801
10.88	-75.6301
10.9	-75.5798
10.92	-75.5293
10.94	-75.4786
10.96	-75.4278
10.98	-75.3768
11	-75.3258
11.02	-75.2747
11.04	-75.2236
11.06	-75.1724
11.08	-75.1213
11.1	-75.0702
11.12	-75.0191
11.14	-74.9681
11.16	-74.9171
11.18	-74.8663
11.2	-74.8156
11.22	-74.765
11.24	-74.7145
11.26	-74.6642
11.28	-74.6141
11.3	-74.5641
11.32	-74.5143
11.34	-74.4648
11.36	-74.4154
11.38	-74.3662
11.4	-74.3173
11.42	-74.2686
11.44	-74.2202
11.46	-74.172
11.48	-74.1241
11.5	-74.0764
11.52	-74.029
11.54	-73.9818
11.56	-73.9349
11.58	-73.8883
11.6	-73.842
11.62	-73.7959
11.64	-73.7501
11.66	-73.7046
11.68	-73.6593
11.7	-73.6141
11.72	-73.5691
11.74	-73.5239
11.76	-73.4783
11.78	-73.432
11.8	-73.3843
11.82	-73.3349
11.84	-73.2832
11.86	-73.2286
11.88	-73.1706
11.9	-73.1082
11.92	-73.0405
11.94	-72.9664
11.96	-72.8847
11.98	-72.7946
12	-72.6954
12.02	-72.5874
12.04	-72.471
12.06	-72.3472
12.08	-72.217
12.1	-72.0812
12.12	-71.9407
12.14	-71.796
12.16	-71.6476
12.18	-71.4954
12.2	-71.3392
12.22	-71.1782
12.24	-71.0113
12.26	-70.8369
12.28	-70.6538
12.3	-70.4601
12.32	-70.2535
12.34	-70.0293
12.36	-69.7785
12.38	-69.4832
12.4	-69.1127
12.42	-68.6225
12.44	-67.9559
12.46	-67.066
12.48	-65.9468
12.5	-64.6269
12.52	-63.158
12.54	-61.6066
12.56	-60.0192
12.58	-58.4134
12.6	-56.787
12.62	-55.1206
12.64	-53.3733
12.66	-51.4701
12.68	-49.263
12.7	-46.418
12.72	-41.9707
12.74	-31.5918
12.76	16.3699
12.78	59.0733
12.8	65.3289
12.82	66.0405
12.84	65.4901
12.86	64.4867
12.88	63.2397
12.9	61.7995
12.92	60.1578
12.94	58.2843
12.96	56.1398
12.98	53.6825
13	50.8743
13.02	47.6859
13.04	44.1002
13.06	40.1149
13.08	35.7453
13.1	31.0252
13.12	26.0072
13.14	20.7598
13.16	15.363
13.18	9.90107
13.2	4.45488
13.22	-0.903815
13.24	-6.11564
13.26	-11.134
13.28	-15.9243
13.3	-20.4625
13.32	-24.7345
13.34	-28.7347
13.36	-32.4647
13.38	-35.9317
13.4	-39.146
13.42	-42.1202
13.44	-44.8682
13.46	-47.4042
13.48	-49.7427
13.5	-51.8975
13.52	-53.8815
13.54	-55.7069
13.56	-57.3851
13.58	-58.9266
13.6	-60.3415
13.62	-61.6394
13.64	-62.8292
13.66	-63.9196
13.68	-64.9188
13.7	-65.8344
13.72	-66.6738
13.74	-67.4437
13.76	-68.1502
13.78	-68.7991
13.8	-69.3956
13.82	-69.9444
13.84	-70.4499
13.86	-70.916
13.88	-71.3462
13.9	-71.7436
13.92	-72.1112
13.94	-72.4515
13.96	-72.7668
13.98	-73.0592
14	-73.3306
14.02	-73.5827
14.04	-73.817
14.06	-74.035
14.08	-74.2378
14.1	-74.4266
14.12	-74.6025
14.14	-74.7664
14.16	-74.9192
14.18	-75.0616
14.2	-75.1944
14.22	-75.3182
14.24	-75.4337
14.26	-75.5414
14.28	-75.6418
14.3	-75.7354
14.32	-75.8227
14.34	-75.904
14.36	-75.9798
14.38	-76.0503
14.4	-76.116
14.42	-76.1771
14.44	-76.2338
14.46	-76.2866
14.48	-76.3355
14.5	-76.381
14.52	-76.423
14.54	-76.462
14.56	-76.498
14.58	-76.5312
14.6	-76.5619
14.62	-76.5901
14.64	-76.616
14.66	-76.6398
14.68	-76.6615
14.7	-76.6814
14.72	-76.6994
14.74	-76.7158
14.76	-76.7306
14.78	-76.7439
14.8	-76.7559
14.82	-76.7665
14.84	-76.7759
14.86	-76.7842
14.88	-76.7914
14.9	-76.7976
14.92	-76.8028
14.94	-76.8072
14.96	-76.8107
14.98	-76.8135
15	-76.8155
15.02	-76.8169
15.04	-76.8176
15.06	-76.8177
15.08	-76.8173
15.1	-76.8163
15.12	-76.8149
15.14	-76.813
15.16	-76.8107
15.18	-76.8081
15.2	-76.805
15.22	-76.8017
15.24	-76.798
15.26	-76.794
15.28	-76.7898
15.3	-76.7853
15.32	-76.7806
15.34	-76.7757
15.36	-76.7706
15.38	-76.7654
15.4	-76.7599
15.42	-76.7544
15.44	-76.7487
15.46	-76.7429
15.48	-76.7369
15.5	-76.7309
15.52	-76.7248
15.54	-76.7187
15.56	-76.7124
15.58	-76.7061
15.6	-76.6998
15.62	-76.6934
15.64	-76.687
15.66	-76.6806
15.68	-76.6741
15.7	-76.6676
15.72	-76.6611
15.74	-76.6547
15.76	-76.6482
15.78	-76.6417
15.8	-76.6352
15.82	-76.6288
15.84	-76.6223
15.86	-76.6159
15.88	-76.6095
15.9	-76.6032
15.92	-76.5968
15.94	-76.5905
15.96	-76.5843
15.98	-76.578
16	-76.5719
16.02	-76.5657
16.04	-76.5596
16.06	-76.5535
16.08	-76.5475
16.1	-76.5415
16.12	-76.5356
16.14	-76.5298
16.16	-76.5239
16.18	-76.5182
16.2	-76.5124
16.22	-76.5068
16.24	-76.5012
16.26	-76.4956
16.28	-76.4901
16.3	-76.4846
16.32	-76.4792
16.34	-76.4739
16.36	-76.4686
16.38	-76.4634
16.4	-76.4582
16.42	-76.4531
16.44	-76.448
16.46	-76.443
16.48	-76.4381
16.5	-76.4332
16.52	-76.4283
16.54	-76.4235
16.56	-76.4188
16.58	-76.4141
16.6	-76.4095
16.62	-76.4049
16.64	-76.4004
16.66	-76.396
16.68	-76.3916
16.7	-76.3872
16.72	-76.3829
16.74	-76.3787
16.76	-76.3745
16.78	-76.3704
16.8	-76.3663
16.82	-76.3623
16.84	-76.3583
16.86	-76.3543
16.88	-76.3505
16.9	-76.3466
16.92	-76.3428
16.94	-76.3391
16.96	-76.3354
16.98	-76.3318
17	-76.3282
17.02	-76.3247
17.04	-76.3212
17.06	-76.3177
17.08	-76.3143
17.1	-76.311
17.12	-76.3077
17.14	-76.3044
17.16	-76.3012
17.18	-76.298
17.2	-76.2949
17.22	-76.2918
17.24	-76.2888
17.26	-76.2858
17.28	-76.2828
17.3	-76.2799
17.32	-76.277
17.34	-76.2742
17.36	-76.2714
17.38	-76.2686
17.4	-76.2659
17.42	-76.2632
17.44	-76.2606
17.46	-76.258
17.48	-76.2554
17.5	-76.2529
17.52	-76.2504
17.54	-76.248
17.56	-76.2456
17.58	-76.2432
17.6	-76.2409
17.62	-76.2385
17.64	-76.2363
17.66	-76.234
17.68	-76.2318
17.7	-76.2297
17.72	-76.2275
17.74	-76.2254
17.76	-76.2234
17.78	-76.2213
17.8	-76.2193
17.82	-76.2173
17.84	-76.2154
17.86	-76.2135
17.88	-76.2116
17.9	-76.2097
17.92	-76.2079
17.94	-76.2061
17.96	-76.2044
17.98	-76.2026
18	-76.2009
18.02	-76.1992
18.04	-76.1976
18.06	-76.196
18.08	-76.1944
18.1	-76.1928
18.12	-76.1913
18.14	-76.1898
18.16	-76.1883
18.18	-76.1868
18.2	-76.1854
18.22	-76.184
18.24	-76.1826
18.26	-76.1812
18.28	-76.1799
18.3	-76.1786
18.32	-76.1773
18.34	-76.176
18.36	-76.1748
18.38	-76.1736
18.4	-76.1724
18.42	-76.1712
18.44	-76.1701
18.46	-76.1689
18.48	-76.1678
18.5	-76.1667
18.52	-76.1657
18.54	-76.1646
18.56	-76.1636
18.58	-76.1626
18.6	-76.1617
18.62	-76.1607
18.64	-76.1598
18.66	-76.1589
18.68	-76.158
18.7	-76.1571
18.72	-76.1562
18.74	-76.1554
18.76	-76.1546
18.78	-76.1538
18.8	-76.153
18.82	-76.1522
18.84	-76.1515
18.86	-76.1508
18.88	-76.1501
18.9	-76.1494
18.92	-76.1487
18.94	-76.1481
18.96	-76.1474
18.98	-76.1468
19	-76.1462
19.02	-76.1456
19.04	-76.1451
19.06	-76.1445
19.08	-76.144
19.1	-76.1434
19.12	-76.1429
19.14	-76.1425
19.16	-76.142
19.18	-76.1415
19.2	-76.1411
19.22	-76.1407
19.24	-76.1403
19.26	-76.1399
19.28	-76.1395
19.3	-76.1391
19.32	-76.1387
19.34	-76.1384
19.36	-76.1381
19.38	-76.1378
19.4	-76.1375
19.42	-76.1372
19.44	-76.1369
19.46	-76.1367
19.48	-76.1364
19.5	-76.1362
19.52	-76.136
19.54	-76.1358
19.56	-76.1356
19.58	-76.1354
19.6	-76.1352
19.62	-76.1351
19.64	-76.1349
19.66	-76.1348
19.68	-76.1347
19.7	-76.1346
19.72	-76.1345
19.74	-76.1344
19.76	-76.1343
19.78	-76.1343
19.8	-76.1342
19.82	-76.1342
19.84	-76.1342
19.86	-76.1342
19.88	-76.1342
19.9	-76.1342
19.92	-76.1342
19.94	-76.1342
19.96	-76.1342
19.98	-76.1343
20	-76.1344
20.02	-76.1344
20.04	-76.1342
20.06	-76.1332
20.08	-76.131
20.1	-76.1269
20.12	-76.1207
20.14	-76.1119
20.16	-76.1004
20.18	-76.086
20.2	-76.0685
20.22	-76.048
20.24	-76.0243
20.26	-75.9976
20.28	-75.9678
20.3	-75.935
20.32	-75.8992
20.34	-75.8606
20.36	-75.8193
20.38	-75.7753
20.4	-75.7288
20.42	-75.6799
20.44	-75.6287
20.46	-75.5754
20.48	-75.5199
20.5	-75.4625
20.52	-75.4033
20.54	-75.3424
20.56	-75.2799
20.58	-75.2158
20.6	-75.1504
20.62	-75.0836
20.64	-75.0156
20.66	-74.9465
20.68	-74.8764
20.7	-74.8053
20.72	-74.7334
20.74	-74.6607
20.76	-74.5872
20.78	-74.5131
20.8	-74.4383
20.82	-74.3631
20.84	-74.2874
20.86	-74.2112
20.88	-74.1347
20.9	-74.0579
20.92	-73.9808
20.94	-73.9035
20.96	-73.8259
20.98	-73.7483
21	-73.6704
21.02	-73.5925
21.04	-73.5146
21.06	-73.4366
21.08	-73.3586
21.1	-73.2805
21.12	-73.2025
21.14	-73.1246
21.16	-73.0467
21.18	-72.9688
21.2	-72.891
21.22	-72.8132
21.24	-72.7355
21.26	-72.6577
21.28	-72.58
21.3	-72.5022
21.32	-72.4242
21.34	-72.3459
21.36	-72.2671
21.38	-72.1874
21.4	-72.1065
21.42	-72.0238
21.44	-71.9385
21.46	-71.85
21.48	-71.7572
21.5	-71.6594
21.52	-71.5559
21.54	-71.4466
21.56	-71.3316
21.58	-71.211
21.6	-71.0854
21.62	-70.9552
21.64	-70.8209
21.66	-70.6831
21.68	-70.5424
21.7	-70.399
21.72	-70.2534
21.74	-70.1056
21.76	-69.9558
21.78	-69.8038
21.8	-69.6494
21.82	-69.4922
21.84	-69.3318
21.86	-69.1671
21.88	-68.9972
21.9	-68.8207
21.92	-68.6361
21.94	-68.4414
21.96	-68.2343
21.98	-68.0119
22	-67.77
22.02	-67.5027
22.04	-67.2022
22.06	-66.8592
22.08	-66.4632
22.1	-66.004
22.12	-65.4733
22.14	-64.8685
22.16	-64.1937
22.18	-63.4583
22.2	-62.6738
22.22	-61.8517
22.24	-61.0021
22.26	-60.1328
22.28	-59.2499
22.3	-58.3573
22.32	-57.4572
22.34	-56.5495
22.36	-55.6319
22.38	-54.6996
22.4	-53.745
22.42	-52.7563
22.44	-51.7164
22.46	-50.5988
22.48	-49.3606
22.5	-47.9245
22.52	-46.1263
22.54	-43.5153
22.56	-39.0542
22.58	-30.2415
22.6	-4.90049
22.62	37.5306
22.64	53.87
22.66	58.706
22.68	59.6968
22.7	59.2112
22.72	58.0337
22.74	56.4514
22.76	54.5691
22.78	52.4157
22.8	49.9875
22.82	47.2694
22.84	44.2453
22.86	40.9045
22.88	37.2455
22.9	33.2782
22.92	29.0266
22.94	24.5286
22.96	19.8349
22.98	15.0051
23	10.1027
23.02	5.19058
23.04	0.325847
23.06	-4.44236
23.08	-9.07393
23.1	-13.5375
23.12	-17.8095
23.14	-21.8735
23.16	-25.7192
23.18	-29.3413
23.2	-32.7385
23.22	-35.9124
23.24	-38.8668
23.26	-41.6079
23.28	-44.1437
23.3	-46.4839
23.32	-48.6395
23.34	-50.6219
23.36	-52.4429
23.38	-54.1138
23.4	-55.6459
23.42	-57.0499
23.44	-58.3359
23.46	-59.5137
23.48	-60.5923
23.5	-61.5802
23.52	-62.4853
23.54	-63.3149
23.56	-64.0757
23.58	-64.7741
23.6	-65.4157
23.62	-66.0058
23.64	-66.5489
23.66	-67.0496
23.68	-67.5115
23.7	-67.9383
23.72	-68.333
23.74	-68.6987
23.76	-69.0377
23.78	-69.3525
23.8	-69.6452
23.82	-69.9175
23.84	-70.1713
23.86	-70.408
23.88	-70.629
23.9	-70.8356
23.92	-71.0288
23.94	-71.2097
23.96	-71.3793
23.98	-71.5383
24	-71.6875
24.02	-71.8276
24.04	-71.9592
24.06	-72.0829
24.08	-72.1992
24.1	-72.3086
24.12	-72.4116
24.14	-72.5085
24.16	-72.5998
24.18	-72.6857
24.2	-72.7666
24.22	-72.8428
24.24	-72.9146
24.26	-72.9821
24.28	-73.0458
24.3	-73.1057
24.32	-73.1621
24.34	-73.2152
24.36	-73.2651
24.38	-73.3121
24.4	-73.3563
24.42	-73.3978
24.44	-73.4368
24.46	-73.4734
24.48	-73.5078
24.5	-73.54
24.52	-73.5703
24.54	-73.5986
24.56	-73.6251
24.58	-73.6498
24.6	-73.673
24.62	-73.6946
24.64	-73.7147
24.66	-73.7335
24.68	-73.7509
24.7	-73.7671
24.72	-73.7821
24.74	-73.796
24.76	-73.8089
24.78	-73.8207
24.8	-73.8316
24.82	-73.8416
24.84	-73.8507
24.86	-73.859
24.88	-73.8666
24.9	-73.8735
24.92	-73.8796
24.94	-73.8851
24.96	-73.8901
24.98	-73.8944
25	-73.8982
25.02	-73.9015
25.04	-73.9043
25.06	-73.9066
25.08	-73.9086
25.1	-73.9101
25.12	-73.9112
25.14	-73.9119
25.16	-73.9124
25.18	-73.9125
25.2	-73.9123
25.22	-73.9118
25.24	-73.9111
25.26	-73.9101
25.28	-73.9089
25.3	-73.9075
25.32	-73.9059
25.34	-73.904
25.36	-73.9021
25.38	-73.8999
25.4	-73.8976
25.42	-73.8951
25.44	-73.8926
25.46	-73.8899
25.48	-73.8871
25.5	-73.8842
25.52	-73.8812
25.54	-73.8781
25.56	-73.8749
25.58	-73.8717
25.6	-73.8684
25.62	-73.865
25.64	-73.8616
25.66	-73.8582
25.68	-73.8547
25.7	-73.8512
25.72	-73.8476
25.74	-73.844
25.76	-73.8404
25.78	-73.8368
25.8	-73.8332
25.82	-73.8296
25.84	-73.826
25.86	-73.8223
25.88	-73.8187
25.9	-73.8151
25.92	-73.8115
25.94	-73.8079
25.96	-73.8043
25.98	-73.8007
26	-73.7971
26.02	-73.7936
26.04	-73.7901
26.06	-73.7866
26.08	-73.7832
26.1	-73.7797
26.12	-73.7763
26.14	-73.773
26.16	-73.7696
26.18	-73.7663
26.2	-73.7631
26.22	-73.7598
26.24	-73.7567
26.26	-73.7535
26.28	-73.7504
26.3	-73.7473
26.32	-73.7443
26.34	-73.7413
26.36	-73.7383
26.38	-73.7354
26.4	-73.7326
26.42	-73.7298
26.44	-73.727
26.46	-73.7243
26.48	-73.7216
26.5	-73.7189
26.52	-73.7164
26.54	-73.7138
26.56	-73.7113
26.58	-73.7089
26.6	-73.7065
26.62	-73.7041
26.64	-73.7018
26.66	-73.6995
26.68	-73.6973
26.7	-73.6951
26.72	-73.693
26.74	-73.6909
26.76	-73.6889
26.78	-73.6869
26.8	-73.685
26.82	-73.6831
26.84	-73.6813
26.86	-73.6795
26.88	-73.6777
26.9	-73.676
26.92	-73.6744
26.94	-73.6728
26.96	-73.6712
26.98	-73.6697
27	-73.6682
27.02	-73.6668
27.04	-73.6654
27.06	-73.6641
27.08	-73.6628
27.1	-73.6615
27.12	-73.6603
27.14	-73.6592
27.16	-73.658
27.18	-73.657
27.2	-73.6559
27.22	-73.655
27.24	-73.654
27.26	-73.6531
27.28	-73.6522
27.3	-73.6514
27.32	-73.6506
27.34	-73.6499
27.36	-73.6492
27.38	-73.6486
27.4	-73.6479
27.42	-73.6474
27.44	-73.6468
27.46	-73.6463
27.48	-73.6459
27.5	-73.6454
27.52	-73.6451
27.54	-73.6447
27.56	-73.6444
27.58	-73.6441
27.6	-73.6439
27.62	-73.6437
27.64	-73.6435
27.66	-73.6434
27.68	-73.6433
27.7	-73.6433
27.72	-73.6433
27.74	-73.6433
27.76	-73.6433
27.78	-73.6434
27.8	-73.6435
27.82	-73.6437
27.84	-73.6439
27.86	-73.6441
27.88	-73.6443
27.9	-73.6446
27.92	-73.6449
27.94	-73.6453
27.96	-73.6457
27.98	-73.6461
28	-73.6465
28.02	-73.647
28.04	-73.6475
28.06	-73.648
28.08	-73.6486
28.1	-73.6492
28.12	-73.6498
28.14	-73.6504
28.16	-73.6511
28.18	-73.6518
28.2	-73.6525
28.22	-73.6533
28.24	-73.6541
28.26	-73.6549
28.28	-73.6558
28.3	-73.6566
28.32	-73.6575
28.34	-73.6584
28.36	-73.6594
28.38	-73.6604
28.4	-73.6614
28.42	-73.6624
28.44	-73.6634
28.46	-73.6645
28.48	-73.6656
28.5	-73.6667
28.52	-73.6679
28.54	-73.669
28.56	-73.6702
28.58	-73.6715
28.6	-73.6727
28.62	-73.674
28.64	-73.6752
28.66	-73.6765
28.68	-73.6779
28.7	-73.6792
28.72	-73.6806
28.74	-73.682
28.76	-73.6834
28.78	-73.6848
28.8	-73.6863
28.82	-73.6878
28.84	-73.6893
28.86	-73.6908
28.88	-73.6923
28.9	-73.6939
28.92	-73.6955
28.94	-73.6971
28.96	-73.6987
28.98	-73.7003
29	-73.702
29.02	-73.7036
29.04	-73.7053
29.06	-73.707
29.08	-73.7087
29.1	-73.7105
29.12	-73.7122
29.14	-73.714
29.16	-73.7158
29.18	-73.7176
29.2	-73.7195
29.22	-73.7213
29.24	-73.7232
29.26	-73.725
29.28	-73.7269
29.3	-73.7288
29.32	-73.7308
29.34	-73.7327
29.36	-73.7347
29.38	-73.7366
29.4	-73.7386
29.42	-73.7406
29.44	-73.7426
29.46	-73.7447
29.48	-73.7467
29.5	-73.7488
29.52	-73.7508
29.54	-73.7529
29.56	-73.755
29.58	-73.7571
29.6	-73.7593
29.62	-73.7614
29.64	-73.7636
29.66	-73.7657
29.68	-73.7679
29.7	-73.7701
29.72	-73.7723
29.74	-73.7745
29.76	-73.7768
29.78	-73.779
29.8	-73.7813
29.82	-73.7835
29.84	-73.7858
29.86	-73.7881
29.88	-73.7904
29.9	-73.7927
29.92	-73.7951
29.94	-73.7974
29.96	-73.7997
29.98	-73.8021
30	-73.8045
30.02	-73.8068
30.04	-73.8088
30.06	-73.8099
30.08	-73.8093
30.1	-73.8067
30.12	-73.8016
30.14	-73.7937
30.16	-73.7828
30.18	-73.7688
30.2	-73.7515
30.22	-73.7309
30.24	-73.707
30.26	-73.6799
30.28	-73.6495
30.3	-73.616
30.32	-73.5795
30.34	-73.5399
30.36	-73.4976
30.38	-73.4524
30.4	-73.4047
30.42	-73.3544
30.44	-73.3018
30.46	-73.2469
30.48	-73.1899
30.5	-73.1309
30.52	-73.07
30.54	-73.0073
30.56	-72.943
30.58	-72.8771
30.6	-72.8097
30.62	-72.741
30.64	-72.671
30.66	-72.5999
30.68	-72.5277
30.7	-72.4544
30.72	-72.3803
30.74	-72.3053
30.76	-72.2296
30.78	-72.1531
30.8	-72.076
30.82	-71.9983
30.84	-71.92
30.86	-71.8412
30.88	-71.7619
30.9	-71.6822
30.92	-71.6021
30.94	-71.5216
30.96	-71.4407
30.98	-71.3594
31	-71.2776
31.02	-71.1953
31.04	-71.1124
31.06	-71.0287
31.08	-70.9438
31.1	-70.8575
31.12	-70.769
31.14	-70.6778
31.16	-70.5828
31.18	-70.4834
31.2	-70.379
31.22	-70.2694
31.24	-70.1546
31.26	-70.0348
31.28	-69.9106
31.3	-69.7823
31.32	-69.6505
31.34	-69.5156
31.36	-69.3782
31.38	-69.2386
31.4	-69.0971
31.42	-68.954
31.44	-68.8095
31.46	-68.6635
31.48	-68.5161
31.5	-68.3672
31.52	-68.2166
31.54	-68.0641
31.56	-67.9095
31.58	-67.7526
31.6	-67.5931
31.62	-67.4307
31.64	-67.265
31.66	-67.0955
31.68	-66.9212
31.7	-66.7409
31.72	-66.5531
31.74	-66.3554
31.76	-66.1448
31.78	-65.9175
31.8	-65.6682
31.82	-65.39
31.84	-65.0745
31.86	-64.7124
31.88	-64.2942
31.9	-63.8124
31.92	-63.2635
31.94	-62.6501
31.96	-61.9795
31.98	-61.2615
32	-60.5064
32.02	-59.7232
32.04	-58.9193
32.06	-58.1001
32.08	-57.269
32.1	-56.4279
32.12	-55.5762
32.14	-54.7117
32.16	-53.8293
32.18	-52.9211
32.2	-51.9751
32.22	-50.9728
32.24	-49.8855
32.26	-48.6648
32.28	-47.2176
32.3	-45.3229
32.32	-42.3915
32.34	-37.4275
32.36	-27.783
32.38	-0.332564
32.4	37.3769
32.42	52.3584
32.44	57.2212
32.46	58.3515
32.48	57.9494
32.5	56.7981
32.52	55.1982
32.54	53.2661
32.56	51.0397
32.58	48.5229
32.6	45.7072
32.62	42.5829
32.64	39.1455
32.66	35.3998
32.68	31.362
32.7	27.0614
32.72	22.5401
32.74	17.851
32.76	13.0535
32.78	8.20921
32.8	3.37678
32.82	-1.39154
32.84	-6.05174
32.86	-10.5685
32.88	-14.9144
32.9	-19.0693
32.92	-23.0194
32.94	-26.7558
32.96	-30.2739
32.98	-33.5717
33	-36.65
33.02	-39.5116
33.04	-42.1617
33.06	-44.6081
33.08	-46.8603
33.1	-48.9293
33.12	-50.8269
33.14	-52.5652
33.16	-54.1561
33.18	-55.6113
33.2	-56.9418
33.22	-58.1584
33.24	-59.2709
33.26	-60.2884
33.28	-61.2197
33.3	-62.0724
33.32	-62.854
33.34	-63.571
33.36	-64.2294
33.38	-64.8348
33.4	-65.392
33.42	-65.9055
33.44	-66.3795
33.46	-66.8176
33.48	-67.223
33.5	-67.5987
33.52	-67.9475
33.54	-68.2715
33.56	-68.5732
33.58	-68.8542
33.6	-69.1165
33.62	-69.3615
33.64	-69.5907
33.66	-69.8053
33.68	-70.0065
33.7	-70.1952
33.72	-70.3726
33.74	-70.5393
33.76	-70.6961
33.78	-70.8438
33.8	-70.9829
33.82	-71.1141
33.84	-71.2378
33.86	-71.3546
33.88	-71.4648
33.9	-71.5689
33.92	-71.6673
33.94	-71.7603
33.96	-71.8481
33.98	-71.9312
34	-72.0098
34.02	-72.084
34.04	-72.1543
34.06	-72.2207
34.08	-72.2835
34.1	-72.3428
34.12	-72.3989
34.14	-72.452
34.16	-72.5021
34.18	-72.5494
34.2	-72.5941
34.22	-72.6363
34.24	-72.6762
34.26	-72.7137
34.28	-72.7492
34.3	-72.7826
34.32	-72.814
34.34	-72.8437
34.36	-72.8715
34.38	-72.8977
34.4	-72.9223
34.42	-72.9454
34.44	-72.9671
34.46	-72.9875
34.48	-73.0065
34.5	-73.0243
34.52	-73.0409
34.54	-73.0564
34.56	-73.0709
34.58	-73.0843
34.6	-73.0968
34.62	-73.1084
34.64	-73.1191
34.66	-73.1291
34.68	-73.1382
34.7	-73.1466
34.72	-73.1543
34.74	-73.1613
34.76	-73.1677
34.78	-73.1735
34.8	-73.1787
34.82	-73.1834
34.84	-73.1876
34.86	-73.1913
34.88	-73.1945
34.9	-73.1973
34.92	-73.1997
34.94	-73.2017
34.96	-73.2034
34.98	-73.2047
35	-73.2056
35.02	-73.2063
35.04	-73.2067
35.06	-73.2068
35.08	-73.2066
35.1	-73.2062
35.12	-73.2055
35.14	-73.2047
35.16	-73.2036
35.18	-73.2024
35.2	-73.201
35.22	-73.1994
35.24	-73.1976
35.26	-73.1958
35.28	-73.1937
35.3	-73.1916
35.32	-73.1893
35.34	-73.187
35.36	-73.1845
35.38	-73.1819
35.4	-73.1793
35.42	-73.1766
35.44	-73.1738
35.46	-73.1709
35.48	-73.168
35.5	-73.1651
35.52	-73.162
35.54	-73.159
35.56	-73.1559
35.58	-73.1528
35.6	-73.1496
35.62	-73.1465
35.64	-73.1433
35.66	-73.1401
35.68	-73.1369
35.7	-73.1336
35.72	-73.1304
35.74	-73.1272
35.76	-73.124
35.78	-73.1207
35.8	-73.1175
35.82	-73.1143
35.84	-73.1111
35.86	-73.1079
35.88	-73.1048
35.9	-73.1017
35.92	-73.0985
35.94	-73.0954
35.96	-73.0924
35.98	-73.0893
36	-73.0863
36.02	-73.0833
36.04	-73.0804
36.06	-73.0774
36.08	-73.0745
36.1	-73.0717
36.12	-73.0689
36.14	-73.0661
36.16	-73.0633
36.18	-73.0606
36.2	-73.0579
36.22	-73.0553
36.24	-73.0527
36.26	-73.0501
36.28	-73.0476
36.3	-73.0452
36.32	-73.0427
36.34	-73.0404
36.36	-73.038
36.38	-73.0357
36.4	-73.0335
36.42	-73.0313
36.44	-73.0291
36.46	-73.027
36.48	-73.0249
36.5	-73.0229
36.52	-73.0209
36.54	-73.019
36.56	-73.0171
36.58	-73.0152
36.6	-73.0134
36.62	-73.0117
36.64	-73.01
36.66	-73.0083
36.68	-73.0067
36.7	-73.0052
36.72	-73.0036
36.74	-73.0022
36.76	-73.0007
36.78	-72.9994
36.8	-72.998
36.82	-72.9967
36.84	-72.9955
36.86	-72.9943
36.88	-72.9931
36.9	-72.992
36.92	-72.991
36.94	-72.9899
36.96	-72.989
36.98	-72.988
37	-72.9872
37.02	-72.9863
37.04	-72.9855
37.06	-72.9848
37.08	-72.9841
37.1	-72.9834
37.12	-72.9828
37.14	-72.9822
37.16	-72.9816
37.18	-72.9811
37.2	-72.9807
37.22	-72.9803
37.24	-72.9799
37.26	-72.9796
37.28	-72.9793
37.3	-72.979
37.32	-72.9788
37.34	-72.9787
37.36	-72.9785
37.38	-72.9784
37.4	-72.9784
37.42	-72.9784
37.44	-72.9784
37.46	-72.9785
37.48	-72.9786
37.5	-72.9787
37.52	-72.9789
37.54	-72.9791
37.56	-72.9793
37.58	-72.9796
37.6	-72.9799
37.62	-72.9803
37.64	-72.9807
37.66	-72.9811
37.68	-72.9816
37.7	-72.9821
37.72	-72.9826
37.74	-72.9832
37.76	-72.9838
37.78	-72.9844
37.8	-72.9851
37.82	-72.9858
37.84	-72.9865
37.86	-72.9873
37.88	-72.9881
37.9	-72.9889
37.92	-72.9898
37.94	-72.9907
37.96	-72.9916
37.98	-72.9926
38	-72.9936
38.02	-72.9946
38.04	-72.9956
38.06	-72.9967
38.08	-72.9978
38.1	-72.9989
38.12	-73.0001
38.14	-73.0013
38.16	-73.0025
38.18	-73.0038
38.2	-73.005
38.22	-73.0063
38.24	-73.0077
38.26	-73.009
38.28	-73.0104
38.3	-73.0118
38.32	-73.0133
38.34	-73.0147
38.36	-73.0162
38.38	-73.0177
38.4	-73.0192
38.42	-73.0208
38.44	-73.0224
38.46	-73.024
38.48	-73.0257
38.5	-73.0273
38.52	-73.029
38.54	-73.0307
38.56	-73.0324
38.58	-73.0342
38.6	-73.036
38.62	-73.0378
38.64	-73.0396
38.66	-73.0414
38.68	-73.0433
38.7	-73.0452
38.72	-73.0471
38.74	-73.049
38.76	-73.051
38.78	-73.053
38.8	-73.055
38.82	-73.057
38.84	-73.059
38.86	-73.0611
38.88	-73.0631
38.9	-73.0652
38.92	-73.0674
38.94	-73.0695
38.96	-73.0716
38.98	-73.0738
39	-73.076
39.02	-73.0782
39.04	-73.0804
39.06	-73.0827
39.08	-73.085
39.1	-73.0872
39.12	-73.0895
39.14	-73.0918
39.16	-73.0942
39.18	-73.0965
39.2	-73.0989
39.22	-73.1013
39.24	-73.1037
39.26	-73.1061
39.28	-73.1085
39.3	-73.111
39.32	-73.1134
39.34	-73.1159
39.36	-73.1184
39.38	-73.1209
39.4	-73.1235
39.42	-73.126
39.44	-73.1286
39.46	-73.1311
39.48	-73.1337
39.5	-73.1363
39.52	-73.1389
39.54	-73.1415
39.56	-73.1442
39.58	-73.1468
39.6	-73.1495
39.62	-73.1522
39.64	-73.1549
39.66	-73.1576
39.68	-73.1603
39.7	-73.1631
39.72	-73.1658
39.74	-73.1686
39.76	-73.1713
39.78	-73.1741
39.8	-73.1769
39.82	-73.1797
39.84	-73.1826
39.86	-73.1854
39.88	-73.1882
39.9	-73.1911
39.92	-73.194
39.94	-73.1968
39.96	-73.1997
39.98	-73.2026
40	-73.2055
40.02	-73.2084
40.04	-73.211
40.06	-73.2128
40.08	-73.2131
40.1	-73.2117
40.12	-73.2081
40.14	-73.202
40.16	-73.1933
40.18	-73.1818
40.2	-73.1674
40.22	-73.1501
40.24	-73.1299
40.26	-73.1067
40.28	-73.0807
40.3	-73.0519
40.32	-73.0203
40.34	-72.986
40.36	-72.9492
40.38	-72.9099
40.4	-72.8682
40.42	-72.8242
40.44	-72.7781
40.46	-72.73
40.48	-72.6799
40.5	-72.6281
40.52	-72.5744
40.54	-72.5192
40.56	-72.4625
40.58	-72.4043
40.6	-72.3448
40.62	-72.2841
40.64	-72.2223
40.66	-72.1593
40.68	-72.0954
40.7	-72.0306
40.72	-71.965
40.74	-71.8986
40.76	-71.8315
40.78	-71.7637
40.8	-71.6954
40.82	-71.6265
40.84	-71.5572
40.86	-71.4875
40.88	-71.4174
40.9	-71.3469
40.92	-71.2762
40.94	-71.2052
40.96	-71.134
40.98	-71.0626
41	-70.991
41.02	-70.9193
41.04	-70.8475
41.06	-70.7756
41.08	-70.7036
41.1	-70.6316
41.12	-70.5595
41.14	-70.4873
41.16	-70.4151
41.18	-70.3428
41.2	-70.2704
41.22	-70.1978
41.24	-70.125
41.26	-70.0518
41.28	-69.9783
41.3	-69.9042
41.32	-69.8295
41.34	-69.7539
41.36	-69.6772
41.38	-69.5993
41.4	-69.5198
41.42	-69.4384
41.44	-69.355
41.46	-69.2693
41.48	-69.1808
41.5	-69.0896
41.52	-68.9952
41.54	-68.8976
41.56	-68.7964
41.58	-68.6914
41.6	-68.5821
41.62	-68.468
41.64	-68.3483
41.66	-68.222
41.68	-68.0881
41.7	-67.9453
41.72	-67.7923
41.74	-67.6275
41.76	-67.449
41.78	-67.2544
41.8	-67.0406
41.82	-66.8032
41.84	-66.5367
41.86	-66.2341
41.88	-65.8872
41.9	-65.487
41.92	-65.0253
41.94	-64.4962
41.96	-63.8996
41.98	-63.241
42	-62.5297
42.02	-61.7763
42.04	-60.9909
42.06	-60.1821
42.08	-59.3569
42.1	-58.5203
42.12	-57.6756
42.14	-56.8244
42.16	-55.9666
42.18	-55.1
42.2	-54.2205
42.22	-53.3212
42.24	-52.3918
42.26	-51.4171
42.28	-50.374
42.3	-49.2254
42.32	-47.9054
42.34	-46.2766
42.36	-43.9713
42.38	-40.211
42.4	-33.4989
42.42	-17.8304
42.44	21.7432
42.46	46.7137
42.48	55.3993
42.5	57.9745
42.52	58.2009
42.54	57.3782
42.56	55.9899
42.58	54.2255
42.6	52.1549
42.62	49.796
42.64	47.1449
42.66	44.1916
42.68	40.9284
42.7	37.355
42.72	33.4812
42.74	29.3293
42.76	24.9344
42.78	20.3437
42.8	15.6132
42.82	10.8034
42.84	5.9745
42.86	1.18183
42.88	-3.52648
42.9	-8.11075
42.92	-12.5396
42.94	-16.7891
42.96	-20.8419
42.98	-24.6865
43	-28.3156
43.02	-31.7257
43.04	-34.9157
43.06	-37.8868
43.08	-40.6427
43.1	-43.1894
43.12	-45.5356
43.14	-47.6914
43.16	-49.6684
43.18	-51.4787
43.2	-53.1346
43.22	-54.6483
43.24	-56.0314
43.26	-57.2951
43.28	-58.4499
43.3	-59.5056
43.32	-60.4712
43.34	-61.3551
43.36	-62.1649
43.38	-62.9074
43.4	-63.5892
43.42	-64.2159
43.44	-64.7928
43.46	-65.3244
43.48	-65.8151
43.5	-66.2687
43.52	-66.6885
43.54	-67.0777
43.56	-67.439
43.58	-67.775
43.6	-68.0878
43.62	-68.3794
43.64	-68.6517
43.66	-68.9062
43.68	-69.1444
43.7	-69.3677
43.72	-69.5772
43.74	-69.774
43.76	-69.959
43.78	-70.1331
43.8	-70.2971
43.82	-70.4517
43.84	-70.5975
43.86	-70.7352
43.88	-70.8652
43.9	-70.9881
43.92	-71.1043
43.94	-71.2143
43.96	-71.3183
43.98	-71.4168
44	-71.5101
44.02	-71.5984
44.04	-71.6821
44.06	-71.7614
44.08	-71.8366
44.1	-71.9078
44.12	-71.9753
44.14	-72.0392
44.16	-72.0998
44.18	-72.1573
44.2	-72.2117
44.22	-72.2632
44.24	-72.3121
44.26	-72.3583
44.28	-72.4021
44.3	-72.4436
44.32	-72.4828
44.34	-72.5199
44.36	-72.555
44.38	-72.5882
44.4	-72.6195
44.42	-72.6492
44.44	-72.6772
44.46	-72.7036
44.48	-72.7285
44.5	-72.752
44.52	-72.7741
44.54	-72.7949
44.56	-72.8145
44.58	-72.833
44.6	-72.8503
44.62	-72.8666
44.64	-72.8818
44.66	-72.8961
44.68	-72.9095
44.7	-72.9221
44.72	-72.9337
44.74	-72.9446
44.76	-72.9548
44.78	-72.9643
44.8	-72.973
44.82	-72.9812
44.84	-72.9887
44.86	-72.9957
44.88	-73.002
44.9	-73.0079
44.92	-73.0133
44.94	-73.0182
44.96	-73.0227
44.98	-73.0267
45	-73.0304
45.02	-73.0336
45.04	-73.0365
45.06	-73.0391
45.08	-73.0413
45.1	-73.0433
45.12	-73.0449
45.14	-73.0463
45.16	-73.0474
45.18	-73.0483
45.2	-73.0489
45.22	-73.0494
45.24	-73.0496
45.26	-73.0496
45.28	-73.0495
45.3	-73.0492
45.32	-73.0487
45.34	-73.0481
45.36	-73.0474
45.38	-73.0465
45.4	-73.0455
45.42	-73.0444
45.44	-73.0431
45.46	-73.0418
45.48	-73.0404
45.5	-73.0389
45.52	-73.0374
45.54	-73.0357
45.56	-73.034
45.58	-73.0323
45.6	-73.0305
45.62	-73.0286
45.64	-73.0267
45.66	-73.0248
45.68	-73.0228
45.7	-73.0208
45.72	-73.0187
45.74	-73.0167
45.76	-73.0146
45.78	-73.0125
45.8	-73.0104
45.82	-73.0083
45.84	-73.0062
45.86	-73.0041
45.88	-73.0019
45.9	-72.9998
45.92	-72.9977
45.94	-72.9956
45.96	-72.9935
45.98	-72.9914
46	-72.9893
46.02	-72.9873
46.04	-72.9852
46.06	-72.9832
46.08	-72.9812
46.1	-72.9792
46.12	-72.9772
46.14	-72.9753
46.16	-72.9734
46.18	-72.9715
46.2	-72.9696
46.22	-72.9678
46.24	-72.966
46.26	-72.9642
46.28	-72.9625
46.3	-72.9608
46.32	-72.9591
46.34	-72.9575
46.36	-72.9558
46.38	-72.9543
46.4	-72.9527
46.42	-72.9512
46.44	-72.9498
46.46	-72.9483
46.48	-72.9469
46.5	-72.9456
46.52	-72.9442
46.54	-72.943
46.56	-72.9417
46.58	-72.9405
46.6	-72.9393
46.62	-72.9382
46.64	-72.9371
46.66	-72.9361
46.68	-72.9351
46.7	-72.9341
46.72	-72.9332
46.74	-72.9323
46.76	-72.9314
46.78	-72.9306
46.8	-72.9298
46.82	-72.9291
46.84	-72.9284
46.86	-72.9278
46.88	-72.9271
46.9	-72.9266
46.92	-72.926
46.94	-72.9255
46.96	-72.9251
46.98	-72.9247
47	-72.9243
47.02	-72.9239
47.04	-72.9236
47.06	-72.9234
47.08	-72.9232
47.1	-72.923
47.12	-72.9228
47.14	-72.9227
47.16	-72.9226
47.18	-72.9226
47.2	-72.9226
47.22	-72.9227
47.24	-72.9227
47.26	-72.9229
47.28	-72.923
47.3	-72.9232
47.32	-72.9234
47.34	-72.9237
47.36	-72.924
47.38	-72.9243
47.4	-72.9247
47.42	-72.9251
47.44	-72.9255
47.46	-72.926
47.48	-72.9265
47.5	-72.927
47.52	-72.9276
47.54	-72.9282
47.56	-72.9288
47.58	-72.9295
47.6	-72.9302
47.62	-72.931
47.64	-72.9317
47.66	-72.9325
47.68	-72.9334
47.7	-72.9342
47.72	-72.9352
47.74	-72.9361
47.76	-72.937
47.78	-72.938
47.8	-72.9391
47.82	-72.9401
47.84	-72.9412
47.86	-72.9423
47.88	-72.9434
47.9	-72.9446
47.92	-72.9458
47.94	-72.947
47.96	-72.9483
47.98	-72.9496
48	-72.9509
48.02	-72.9522
48.04	-72.9536
48.06	-72.955
48.08	-72.9564
48.1	-72.9579
48.12	-72.9593
48.14	-72.9608
48.16	-72.9624
48.18	-72.9639
48.2	-72.9655
48.22	-72.9671
48.24	-72.9687
48.26	-72.9704
48.28	-72.9721
48.3	-72.9738
48.32	-72.9755
48.34	-72.9772
48.36	-72.979
48.38	-72.9808
48.4	-72.9826
48.42	-72.9845
48.44	-72.9863
48.46	-72.9882
48.48	-72.9901
48.5	-72.9921
48.52	-72.994
48.54	-72.996
48.56	-72.998
48.58	-73
48.6	-73.002
48.62	-73.0041
48.64	-73.0062
48.66	-73.0083
48.68	-73.0104
48.7	-73.0126
48.72	-73.0147
48.74	-73.0169
48.76	-73.0191
48.78	-73.0213
48.8	-73.0236
48.82	-73.0258
48.84	-73.0281
48.86	-73.0304
48.88	-73.0327
48.9	-73.035
48.92	-73.0374
48.94	-73.0397
48.96	-73.0421
48.98	-73.0445
49	-73.047
49.02	-73.0494
49.04	-73.0518
49.06	-73.0543
49.08	-73.0568
49.1	-73.0593
49.12	-73.0618
49.14	-73.0643
49.16	-73.0669
49.18	-73.0695
49.2	-73.072
49.22	-73.0746
49.24	-73.0773
49.26	-73.0799
49.28	-73.0825
49.3	-73.0852
49.32	-73.0879
49.34	-73.0905
49.36	-73.0932
49.38	-73.0959
49.4	-73.0987
49.42	-73.1014
49.44	-73.1042
49.46	-73.1069
49.48	-73.1097
49.5	-73.1125
49.52	-73.1153
49.54	-73.1181
49.56	-73.121
49.58	-73.1238
49.6	-73.1267
49.62	-73.1296
49.64	-73.1324
49.66	-73.1353
49.68	-73.1382
49.7	-73.1412
49.72	-73.1441
49.74	-73.147
49.76	-73.15
49.78	-73.153
49.8	-73.1559
49.82	-73.1589
49.84	-73.1619
49.86	-73.1649
49.88	-73.1679
49.9	-73.171
49.92	-73.174
49.94	-73.1771
49.96	-73.1801
49.98	-73.1832
50	-73.1863
50.02	-73.1893
50.04	-73.1922
50.06	-73.1944
50.08	-73.1955
50.1	-73.195
50.12	-73.1926
50.14	-73.1881
50.16	-73.1811
50.18	-73.1716
50.2	-73.1595
50.22	-73.1447
50.24	-73.1271
50.26	-73.1069
50.28	-73.0839
50.3	-73.0582
50.32	-73.03
50.34	-72.9992
50.36	-72.966
50.38	-72.9303
50.4	-72.8924
50.42	-72.8523
50.44	-72.8102
50.46	-72.766
50.48	-72.7199
50.5	-72.672
50.52	-72.6225
50.54	-72.5713
50.56	-72.5186
50.58	-72.4645
50.6	-72.4091
50.62	-72.3524
50.64	-72.2946
50.66	-72.2356
50.68	-72.1757
50.7	-72.1148
50.72	-72.0531
50.74	-71.9906
50.76	-71.9274
50.78	-71.8634
50.8	-71.7989
50.82	-71.7338
50.84	-71.6683
50.86	-71.6022
50.88	-71.5358
50.9	-71.469
50.92	-71.4019
50.94	-71.3345
50.96	-71.2668
50.98	-71.199
51	-71.1309
51.02	-71.0628
51.04	-70.9944
51.06	-70.926
51.08	-70.8575
51.1	-70.7889
51.12	-70.7202
51.14	-70.6516
51.16	-70.5828
51.18	-70.5141
51.2	-70.4453
51.22	-70.3764
51.24	-70.3075
51.26	-70.2384
51.28	-70.1692
51.3	-70.0996
51.32	-70.0297
51.34	-69.9593
51.36	-69.888
51.38	-69.8156
51.4	-69.7418
51.42	-69.6661
51.44	-69.588
51.46	-69.5069
51.48	-69.4223
51.5	-69.3338
51.52	-69.241
51.54	-69.1435
51.56	-69.0412
51.58	-68.9342
51.6	-68.8226
51.62	-68.7065
51.64	-68.5861
51.66	-68.4616
51.68	-68.3331
51.7	-68.2006
51.72	-68.0641
51.74	-67.9234
51.76	-67.7785
51.78	-67.6291
51.8	-67.4751
51.82	-67.3161
51.84	-67.1522
51.86	-66.9828
51.88	-66.8078
51.9	-66.6266
51.92	-66.4384
51.94	-66.242
51.96	-66.0357
51.98	-65.8171
52	-65.5827
52.02	-65.3276
52.04	-65.0452
52.06	-64.7277
52.08	-64.3658
52.1	-63.9502
52.12	-63.4727
52.14	-62.9289
52.16	-62.32
52.18	-61.6526
52.2	-60.9361
52.22	-60.1806
52.24	-59.395
52.26	-58.5867
52.28	-57.761
52.3	-56.9215
52.32	-56.0695
52.34	-55.2045
52.36	-54.3234
52.38	-53.4204
52.4	-52.4861
52.42	-51.5061
52.44	-50.4583
52.46	-49.3067
52.48	-47.9881
52.5	-46.3719
52.52	-44.1157
52.54	-40.4588
52.56	-33.9628
52.58	-19.1156
52.6	19.744
52.62	45.9577
52.64	55.144
52.66	57.9076
52.68	58.2158
52.7	57.436
52.72	56.0746
52.74	54.33
52.76	52.2757
52.78	49.9314
52.8	47.294
52.82	44.3538
52.84	41.1033
52.86	37.542
52.88	33.6793
52.9	29.5374
52.92	25.1511
52.94	20.5673
52.96	15.8419
52.98	11.0353
53	6.20775
53.02	1.41492
53.04	-3.29484
53.06	-7.88156
53.08	-12.3136
53.1	-16.5667
53.12	-20.6234
53.14	-24.4718
53.16	-28.1045
53.18	-31.5178
53.2	-34.7105
53.22	-37.6837
53.24	-40.441
53.26	-42.9885
53.28	-45.3346
53.3	-47.4898
53.32	-49.4655
53.34	-51.274
53.36	-52.9277
53.38	-54.439
53.4	-55.8195
53.42	-57.0807
53.44	-58.233
53.46	-59.2864
53.48	-60.2499
53.5	-61.1319
53.52	-61.9401
53.54	-62.6815
53.56	-63.3624
53.58	-63.9886
53.6	-64.5651
53.62	-65.0968
53.64	-65.5878
53.66	-66.042
53.68	-66.4626
53.7	-66.8528
53.72	-67.2154
53.74	-67.5527
53.76	-67.8671
53.78	-68.1604
53.8	-68.4345
53.82	-68.691
53.84	-68.9313
53.86	-69.1567
53.88	-69.3684
53.9	-69.5675
53.92	-69.7549
53.94	-69.9314
53.96	-70.0978
53.98	-70.2549
54	-70.4032
54.02	-70.5434
54.04	-70.676
54.06	-70.8015
54.08	-70.9203
54.1	-71.0329
54.12	-71.1395
54.14	-71.2406
54.16	-71.3365
54.18	-71.4275
54.2	-71.5137
54.22	-71.5956
54.24	-71.6734
54.26	-71.7471
54.28	-71.8172
54.3	-71.8837
54.32	-71.9468
54.34	-72.0068
54.36	-72.0637
54.38	-72.1177
54.4	-72.169
54.42	-72.2177
54.44	-72.264
54.46	-72.3078
54.48	-72.3494
54.5	-72.3889
54.52	-72.4264
54.54	-72.4619
54.56	-72.4956
54.58	-72.5276
54.6	-72.5578
54.62	-72.5865
54.64	-72.6136
54.66	-72.6393
54.68	-72.6637
54.7	-72.6867
54.72	-72.7085
54.74	-72.729
54.76	-72.7485
54.78	-72.7669
54.8	-72.7842
54.82	-72.8006
54.84	-72.816
54.86	-72.8305
54.88	-72.8442
54.9	-72.8571
54.92	-72.8693
54.94	-72.8807
54.96	-72.8914
54.98	-72.9014
55	-72.9108
55.02	-72.9196
55.04	-72.9279
55.06	-72.9356
55.08	-72.9428
55.1	-72.9495
55.12	-72.9557
55.14	-72.9615
55.16	-72.9669
55.18	-72.9719
55.2	-72.9765
55.22	-72.9808
55.24	-72.9847
55.26	-72.9883
55.28	-72.9916
55.3	-72.9946
55.32	-72.9973
55.34	-72.9998
55.36	-73.002
55.38	-73.004
55.4	-73.0058
55.42	-73.0073
55.44	-73.0087
55.46	-73.0099
55.48	-73.0109
55.5	-73.0118
55.52	-73.0125
55.54	-73.0131
55.56	-73.0135
55.58	-73.0138
55.6	-73.014
55.62	-73.014
55.64	-73.014
55.66	-73.0139
55.68	-73.0136
55.7	-73.0133
55.72	-73.0129
55.74	-73.0125
55.76	-73.012
55.78	-73.0114
55.8	-73.0107
55.82	-73.01
55.84	-73.0093
55.86	-73.0085
55.88	-73.0077
55.9	-73.0069
55.92	-73.006
55.94	-73.0051
55.96	-73.0041
55.98	-73.0032
56	-73.0022
56.02	-73.0012
56.04	-73.0002
56.06	-72.9992
56.08	-72.9982
56.1	-72.9971
56.12	-72.9961
56.14	-72.9951
56.16	-72.9941
56.18	-72.993
56.2	-72.992
56.22	-72.991
56.24	-72.99
56.26	-72.9891
56.28	-72.9881
56.3	-72.9871
56.32	-72.9862
56.34	-72.9853
56.36	-72.9843
56.38	-72.9834
56.4	-72.9826
56.42	-72.9817
56.44	-72.9809
56.46	-72.9801
56.48	-72.9793
56.5	-72.9785
56.52	-72.9778
56.54	-72.9771
56.56	-72.9764
56.58	-72.9758
56.6	-72.9751
56.62	-72.9745
56.64	-72.974
56.66	-72.9734
56.68	-72.9729
56.7	-72.9724
56.72	-72.972
56.74	-72.9715
56.76	-72.9712
56.78	-72.9708
56.8	-72.9705
56.82	-72.9702
56.84	-72.9699
56.86	-72.9697
56.88	-72.9695
56.9	-72.9693
56.92	-72.9691
56.94	-72.969
56.96	-72.969
56.98	-72.9689
57	-72.9689
57.02	-72.9689
57.04	-72.969
57.06	-72.9691
57.08	-72.9692
57.1	-72.9693
57.12	-72.9695
57.14	-72.9697
57.16	-72.97
57.18	-72.9703
57.2	-72.9706
57.22	-72.9709
57.24	-72.9713
57.26	-72.9717
57.28	-72.9722
57.3	-72.9726
57.32	-72.9731
57.34	-72.9737
57.36	-72.9742
57.38	-72.9748
57.4	-72.9755
57.42	-72.9761
57.44	-72.9768
57.46	-72.9775
57.48	-72.9783
57.5	-72.9791
57.52	-72.9799
57.54	-72.9807
57.56	-72.9816
57.58	-72.9825
57.6	-72.9834
57.62	-72.9844
57.64	-72.9854
57.66	-72.9864
57.68	-72.9875
57.7	-72.9885
57.72	-72.9896
57.74	-72.9908
57.76	-72.9919
57.78	-72.9931
57.8	-72.9943
57.82	-72.9956
57.84	-72.9968
57.86	-72.9981
57.88	-72.9995
57.9	-73.0008
57.92	-73.0022
57.94	-73.0036
57.96	-73.005
57.98	-73.0065
58	-73.0079
58.02	-73.0094
58.04	-73.011
58.06	-73.0125
58.08	-73.0141
58.1	-73.0157
58.12	-73.0173
58.14	-73.019
58.16	-73.0206
58.18	-73.0223
58.2	-73.0241
58.22	-73.0258
58.24	-73.0276
58.26	-73.0294
58.28	-73.0312
58.3	-73.033
58.32	-73.0349
58.34	-73.0367
58.36	-73.0386
58.38	-73.0405
58.4	-73.0425
58.42	-73.0444
58.44	-73.0464
58.46	-73.0484
58.48	-73.0505
58.5	-73.0525
58.52	-73.0546
58.54	-73.0566
58.56	-73.0588
58.58	-73.0609
58.6	-73.063
58.62	-73.0652
58.64	-73.0674
58.66	-73.0696
58.68	-73.0718
58.7	-73.074
58.72	-73.0763
58.74	-73.0785
58.76	-73.0808
58.78	-73.0831
58.8	-73.0855
58.82	-73.0878
58.84	-73.0902
58.86	-73.0925
58.88	-73.0949
58.9	-73.0974
58.92	-73.0998
58.94	-73.1022
58.96	-73.1047
58.98	-73.1072
59	-73.1096
59.02	-73.1122
59.04	-73.1147
59.06	-73.1172
59.08	-73.1198
59.1	-73.1223
59.12	-73.1249
59.14	-73.1275
59.16	-73.1301
59.18	-73.1328
59.2	-73.1354
59.22	-73.1381
59.24	-73.1407
59.26	-73.1434
59.28	-73.1461
59.3	-73.1488
59.32	-73.1515
59.34	-73.1543
59.36	-73.157
59.38	-73.1598
59.4	-73.1626
59.42	-73.1654
59.44	-73.1682
59.46	-73.171
59.48	-73.1738
59.5	-73.1766
59.52	-73.1795
59.54	-73.1824
59.56	-73.1852
59.58	-73.1881
59.6	-73.191
59.62	-73.1939
59.64	-73.1968
59.66	-73.1998
59.68	-73.2027
59.7	-73.2057
59.72	-73.2086
59.74	-73.2116
59.76	-73.2146
59.78	-73.2176
59.8	-73.2206
59.82	-73.2236
59.84	-73.2266
59.86	-73.2297
59.88	-73.2327
59.9	-73.2358
59.92	-73.2388
59.94	-73.2419
59.96	-73.245
59.98	-73.2481
60	-73.2512
60.02	-73.2543
60.04	-73.2574
60.06	-73.2605
60.08	-73.2637
60.1	-73.2668
60.12	-73.27
60.14	-73.2731
60.16	-73.2763
60.18	-73.2795
60.2	-73.2827
60.22	-73.2859
60.24	-73.2891
60.26	-73.2923
60.28	-73.2955
60.3	-73.2987
60.32	-73.302
60.34	-73.3052
60.36	-73.3085
60.38	-73.3117
60.4	-73.315
60.42	-73.3183
60.44	-73.3215
60.46	-73.3248
60.48	-73.3281
60.5	-73.3314
60.52	-73.3347
60.54	-73.338
60.56	-73.3414
60.58	-73.3447
60.6	-73.348
60.62	-73.3514
60.64	-73.3547
60.66	-73.3581
60.68	-73.3614
60.7	-73.3648
60.72	-73.3681
60.74	-73.3715
60.76	-73.3749
60.78	-73.3783
60.8	-73.3817
60.82	-73.3851
60.84	-73.3885
60.86	-73.3919
60.88	-73.3953
60.9	-73.3987
60.92	-73.4021
60.94	-73.4056
60.96	-73.409
60.98	-73.4124
61	-73.4159
61.02	-73.4193
61.04	-73.4228
61.06	-73.4262
61.08	-73.4297
61.1	-73.4332
61.12	-73.4366
61.14	-73.4401
61.16	-73.4436
61.18	-73.4471
61.2	-73.4506
61.22	-73.4541
61.24	-73.4576
61.26	-73.4611
61.28	-73.4646
61.3	-73.4681
61.32	-73.4716
61.34	-73.4751
61.36	-73.4786
61.38	-73.4822
61.4	-73.4857
61.42	-73.4892
61.44	-73.4928
61.46	-73.4963
61.48	-73.4998
61.5	-73.5034
61.52	-73.5069
61.54	-73.5105
61.56	-73.5141
61.58	-73.5176
61.6	-73.5212
61.62	-73.5247
61.64	-73.5283
61.66	-73.5319
61.68	-73.5355
61.7	-73.539
61.72	-73.5426
61.74	-73.5462
61.76	-73.5498
61.78	-73.5534
61.8	-73.557
61.82	-73.5605
61.84	-73.5641
61.86	-73.5677
61.88	-73.5713
61.9	-73.5749
61.92	-73.5786
61.94	-73.5822
61.96	-73.5858
61.98	-73.5894
62	-73.593
62.02	-73.5966
62.04	-73.6002
62.06	-73.6039
62.08	-73.6075
62.1	-73.6111
62.12	-73.6147
62.14	-73.6184
62.16	-73.622
62.18	-73.6256
62.2	-73.6293
62.22	-73.6329
62.24	-73.6365
62.26	-73.6402
62.28	-73.6438
62.3	-73.6474
62.32	-73.6511
62.34	-73.6547
62.36	-73.6584
62.38	-73.662
62.4	-73.6657
62.42	-73.6693
62.44	-73.673
62.46	-73.6766
62.48	-73.6803
62.5	-73.684
62.52	-73.6876
62.54	-73.6913
62.56	-73.6949
62.58	-73.6986
62.6	-73.7022
62.62	-73.7059
62.64	-73.7096
62.66	-73.7132
62.68	-73.7169
62.7	-73.7206
62.72	-73.7242
62.74	-73.7279
62.76	-73.7316
62.78	-73.7352
62.8	-73.7389
62.82	-73.7426
62.84	-73.7463
62.86	-73.7499
62.88	-73.7536
62.9	-73.7573
62.92	-73.7609
62.94	-73.7646
62.96	-73.7683
62.98	-73.772
63	-73.7757
63.02	-73.7793
63.04	-73.783
63.06	-73.7867
63.08	-73.7904
63.1	-73.794
63.12	-73.7977
63.14	-73.8014
63.16	-73.8051
63.18	-73.8087
63.2	-73.8124
63.22	-73.8161
63.24	-73.8198
63.26	-73.8235
63.28	-73.8271
63.3	-73.8308
63.32	-73.8345
63.34	-73.8382
63.36	-73.8419
63.38	-73.8455
63.4	-73.8492
63.42	-73.8529
63.44	-73.8566
63.46	-73.8602
63.48	-73.8639
63.5	-73.8676
63.52	-73.8713
63.54	-73.875
63.56	-73.8786
63.58	-73.8823
63.6	-73.886
63.62	-73.8897
63.64	-73.8933
63.66	-73.897
63.68	-73.9007
63.7	-73.9044
63.72	-73.908
63.74	-73.9117
63.76	-73.9154
63.78	-73.9191
63.8	-73.9227
63.82	-73.9264
63.84	-73.9301
63.86	-73.9337
63.88	-73.9374
63.9	-73.9411
63.92	-73.9447
63.94	-73.9484
63.96	-73.9521
63.98	-73.9557
64	-73.9594
64.02	-73.9631
64.04	-73.9667
64.06	-73.9704
64.08	-73.9741
64.1	-73.9777
64.12	-73.9814
64.14	-73.9851
64.16	-73.9887
64.18	-73.9924
64.2	-73.996
64.22	-73.9997
64.24	-74.0033
64.26	-74.007
64.28	-74.0107
64.3	-74.0143
64.32	-74.018
64.34	-74.0216
64.36	-74.0253
64.38	-74.0289
64.4	-74.0326
64.42	-74.0362
64.44	-74.0398
64.46	-74.0435
64.48	-74.0471
64.5	-74.0508
64.52	-74.0544
64.54	-74.0581
64.56	-74.0617
64.58	-74.0653
64.6	-74.069
64.62	-74.0726
64.64	-74.0762
64.66	-74.0799
64.68	-74.0835
64.7	-74.0871
64.72	-74.0908
64.74	-74.0944
64.76	-74.098
64.78	-74.1016
64.8	-74.1053
64.82	-74.1089
64.84	-74.1125
64.86	-74.1161
64.88	-74.1198
64.9	-74.1234
64.92	-74.127
64.94	-74.1306
64.96	-74.1342
64.98	-74.1378
65	-74.1414
65.02	-74.145
65.04	-74.1486
65.06	-74.1522
65.08	-74.1558
65.1	-74.1594
65.12	-74.163
65.14	-74.1666
65.16	-74.1702
65.18	-74.1738
65.2	-74.1774
65.22	-74.181
65.24	-74.1846
65.26	-74.1882
65.28	-74.1918
65.3	-74.1954
65.32	-74.199
65.34	-74.2025
65.36	-74.2061
65.38	-74.2097
65.4	-74.2133
65.42	-74.2169
65.44	-74.2204
65.46	-74.224
65.48	-74.2276
65.5	-74.2311
65.52	-74.2347
65.54	-74.2383
65.56	-74.2418
65.58	-74.2454
65.6	-74.249
65.62	-74.2525
65.64	-74.2561
65.66	-74.2596
65.68	-74.2632
65.7	-74.2667
65.72	-74.2703
65.74	-74.2738
65.76	-74.2774
65.78	-74.2809
65.8	-74.2845
65.82	-74.288
65.84	-74.2915
65.86	-74.2951
65.88	-74.2986
65.9	-74.3021
65.92	-74.3057
65.94	-74.3092
65.96	-74.3127
65.98	-74.3162
66	-74.3198
66.02	-74.3233
66.04	-74.3268
66.06	-74.3303
66.08	-74.3338
66.1	-74.3373
66.12	-74.3409
66.14	-74.3444
66.16	-74.3479
66.18	-74.3514
66.2	-74.3549
66.22	-74.3584
66.24	-74.3619
66.26	-74.3654
66.28	-74.3689
66.3	-74.3724
66.32	-74.3758
66.34	-74.3793
66.36	-74.3828
66.38	-74.3863
66.4	-74.3898
66.42	-74.3932
66.44	-74.3967
66.46	-74.4002
66.48	-74.4037
66.5	-74.4071
66.52	-74.4106
66.54	-74.4141
66.56	-74.4175
66.58	-74.421
66.6	-74.4245
66.62	-74.4279
66.64	-74.4314
66.66	-74.4348
66.68	-74.4383
66.7	-74.4417
66.72	-74.4452
66.74	-74.4486
66.76	-74.452
66.78	-74.4555
66.8	-74.4589
66.82	-74.4624
66.84	-74.4658
66.86	-74.4692
66.88	-74.4726
66.9	-74.4761
66.92	-74.4795
66.94	-74.4829
66.96	-74.4863
66.98	-74.4897
67	-74.4932
67.02	-74.4966
67.04	-74.5
67.06	-74.5034
67.08	-74.5068
67.1	-74.5102
67.12	-74.5136
67.14	-74.517
67.16	-74.5204
67.18	-74.5238
67.2	-74.5272
67.22	-74.5306
67.24	-74.5339
67.26	-74.5373
67.28	-74.5407
67.3	-74.5441
67.32	-74.5475
67.34	-74.5508
67.36	-74.5542
67.38	-74.5576
67.4	-74.5609
67.42	-74.5643
67.44	-74.5677
67.46	-74.571
67.48	-74.5744
67.5	-74.5777
67.52	-74.5811
67.54	-74.5844
67.56	-74.5878
67.58	-74.5911
67.6	-74.5945
67.62	-74.5978
67.64	-74.6011
67.66	-74.6045
67.68	-74.6078
67.7	-74.6111
67.72	-74.6145
67.74	-74.6178
67.76	-74.6211
67.78	-74.6244
67.8	-74.6277
67.82	-74.6311
67.84	-74.6344
67.86	-74.6377
67.88	-74.641
67.9	-74.6443
67.92	-74.6476
67.94	-74.6509
67.96	-74.6542
67.98	-74.6575
68	-74.6608
68.02	-74.6641
68.04	-74.6673
68.06	-74.6706
68.08	-74.6739
68.1	-74.6772
68.12	-74.6805
68.14	-74.6837
68.16	-74.687
68.18	-74.6903
68.2	-74.6935
68.22	-74.6968
68.24	-74.7001
68.26	-74.7033
68.28	-74.7066
68.3	-74.7098
68.32	-74.7131
68.34	-74.7163
68.36	-74.7196
68.38	-74.7228
68.4	-74.7261
68.42	-74.7293
68.44	-74.7325
68.46	-74.7358
68.48	-74.739
68.5	-74.7422
68.52	-74.7454
68.54	-74.7487
68.56	-74.7519
68.58	-74.7551
68.6	-74.7583
68.62	-74.7615
68.64	-74.7647
68.66	-74.7679
68.68	-74.7711
68.7	-74.7743
68.72	-74.7775
68.74	-74.7807
68.76	-74.7839
68.78	-74.7871
68.8	-74.7903
68.82	-74.7935
68.84	-74.7967
68.86	-74.7999
68.88	-74.803
68.9	-74.8062
68.92	-74.8094
68.94	-74.8125
68.96	-74.8157
68.98	-74.8189
69	-74.822
69.02	-74.8252
69.04	-74.8283
69.06	-74.8315
69.08	-74.8346
69.1	-74.8378
69.12	-74.8409
69.14	-74.8441
69.16	-74.8472
69.18	-74.8504
69.2	-74.8535
69.22	-74.8566
69.24	-74.8597
69.26	-74.8629
69.28	-74.866
69.3	-74.8691
69.32	-74.8722
69.34	-74.8754
69.36	-74.8785
69.38	-74.8816
69.4	-74.8847
69.42	-74.8878
69.44	-74.8909
69.46	-74.894
69.48	-74.8971
69.5	-74.9002
69.52	-74.9033
69.54	-74.9063
69.56	-74.9094
69.58	-74.9125
69.6	-74.9156
69.62	-74.9187
69.64	-74.9217
69.66	-74.9248
69.68	-74.9279
69.7	-74.931
69.72	-74.934
69.74	-74.9371
69.76	-74.9401
69.78	-74.9432
69.8	-74.9462
69.82	-74.9493
69.84	-74.9523
69.86	-74.9554
69.88	-74.9584
69.9	-74.9615
69.92	-74.9645
69.94	-74.9675
69.96	-74.9706
69.98	-74.9736
70	-74.9766
70.02	-74.9796
70.04	-74.9827
70.06	-74.9857
70.08	-74.9887
70.1	-74.9917
70.12	-74.9947
70.14	-74.9977
70.16	-75.0007
70.18	-75.0037
70.2	-75.0067
70.22	-75.0097
70.24	-75.0127
70.26	-75.0157
70.28	-75.0187
70.3	-75.0217
70.32	-75.0246
70.34	-75.0276
70.36	-75.0306
70.38	-75.0336
70.4	-75.0365
70.42	-75.0395
70.44	-75.0425
70.46	-75.0454
70.48	-75.0484
70.5	-75.0513
70.52	-75.0543
70.54	-75.0572
70.56	-75.0602
70.58	-75.0631
70.6	-75.0661
70.62	-75.069
70.64	-75.0719
70.66	-75.0749
70.68	-75.0778
70.7	-75.0807
70.72	-75.0837
70.74	-75.0866
70.76	-75.0895
70.78	-75.0924
70.8	-75.0953
70.82	-75.0982
70.84	-75.1012
70.86	-75.1041
70.88	-75.107
70.9	-75.1099
70.92	-75.1128
70.94	-75.1157
70.96	-75.1185
70.98	-75.1214
71	-75.1243
71.02	-75.1272
71.04	-75.1301
71.06	-75.133
71.08	-75.1358
71.1	-75.1387
71.12	-75.1416
71.14	-75.1444
71.16	-75.1473
71.18	-75.1502
71.2	-75.153
71.22	-75.1559
71.24	-75.1587
71.26	-75.1616
71.28	-75.1644
71.3	-75.1673
71.32	-75.1701
71.34	-75.173
71.36	-75.1758
71.38	-75.1786
71.4	-75.1815
71.42	-75.1843
71.44	-75.1871
71.46	-75.1899
71.48	-75.1928
71.5	-75.1956
71.52	-75.1984
71.54	-75.2012
71.56	-75.204
71.58	-75.2068
71.6	-75.2096
71.62	-75.2124
71.64	-75.2152
71.66	-75.218
71.68	-75.2208
71.7	-75.2236
71.72	-75.2264
71.74	-75.2292
71.76	-75.2319
71.78	-75.2347
71.8	-75.2375
71.82	-75.2403
71.84	-75.243
71.86	-75.2458
71.88	-75.2486
71.9	-75.2513
71.92	-75.2541
71.94	-75.2568
71.96	-75.2596
71.98	-75.2623
72	-75.2651
72.02	-75.2678
72.04	-75.2706
72.06	-75.2733
72.08	-75.2761
72.1	-75.2788
72.12	-75.2815
72.14	-75.2842
72.16	-75.287
72.18	-75.2897
72.2	-75.2924
72.22	-75.2951
72.24	-75.2978
72.26	-75.3006
72.28	-75.3033
72.3	-75.306
72.32	-75.3087
72.34	-75.3114
72.36	-75.3141
72.38	-75.3168
72.4	-75.3195
72.42	-75.3221
72.44	-75.3248
72.46	-75.3275
72.48	-75.3302
72.5	-75.3329
72.52	-75.3355
72.54	-75.3382
72.56	-75.3409
72.58	-75.3436
72.6	-75.3462
72.62	-75.3489
72.64	-75.3515
72.66	-75.3542
72.68	-75.3568
72.7	-75.3595
72.72	-75.3622
72.74	-75.3648
72.76	-75.3674
72.78	-75.3701
72.8	-75.3727
72.82	-75.3754
72.84	-75.378
72.86	-75.3806
72.88	-75.3832
72.9	-75.3859
72.92	-75.3885
72.94	-75.3911
72.96	-75.3937
72.98	-75.3963
73	-75.3989
73.02	-75.4015
73.04	-75.4041
73.06	-75.4067
73.08	-75.4093
73.1	-75.4119
73.12	-75.4145
73.14	-75.4171
73.16	-75.4197
73.18	-75.4223
73.2	-75.4249
73.22	-75.4275
73.24	-75.43
73.26	-75.4326
73.28	-75.4352
73.3	-75.4377
73.32	-75.4403
73.34	-75.4429
73.36	-75.4454
73.38	-75.448
73.4	-75.4505
73.42	-75.4531
73.44	-75.4556
73.46	-75.4582
73.48	-75.4607
73.5	-75.4633
73.52	-75.4658
73.54	-75.4684
73.56	-75.4709
73.58	-75.4734
73.6	-75.4759
73.62	-75.4785
73.64	-75.481
73.66	-75.4835
73.68	-75.486
73.7	-75.4885
73.72	-75.4911
73.74	-75.4936
73.76	-75.4961
73.78	-75.4986
73.8	-75.5011
73.82	-75.5036
73.84	-75.5061
73.86	-75.5086
73.88	-75.511
73.9	-75.5135
73.92	-75.516
73.94	-75.5185
73.96	-75.521
73.98	-75.5235
74	-75.5259
74.02	-75.5284
74.04	-75.5309
74.06	-75.5333
74.08	-75.5358
74.1	-75.5383
74.12	-75.5407
74.14	-75.5432
74.16	-75.5456
74.18	-75.5481
74.2	-75.5505
74.22	-75.553
74.24	-75.5554
74.26	-75.5578
74.28	-75.5603
74.3	-75.5627
74.32	-75.5651
74.34	-75.5676
74.36	-75.57
74.38	-75.5724
74.4	-75.5748
74.42	-75.5772
74.44	-75.5797
74.46	-75.5821
74.48	-75.5845
74.5	-75.5869
74.52	-75.5893
74.54	-75.5917
74.56	-75.5941
74.58	-75.5965
74.6	-75.5989
74.62	-75.6013
74.64	-75.6037
74.66	-75.606
74.68	-75.6084
74.7	-75.6108
74.72	-75.6132
74.74	-75.6156
74.76	-75.6179
74.78	-75.6203
74.8	-75.6227
74.82	-75.625
74.84	-75.6274
74.86	-75.6298
74.88	-75.6321
74.9	-75.6345
74.92	-75.6368
74.94	-75.6392
74.96	-75.6415
74.98	-75.6439
75	-75.6462
75.02	-75.6485
75.04	-75.6509
75.06	-75.6532
75.08	-75.6555
75.1	-75.6579
75.12	-75.6602
75.14	-75.6625
75.16	-75.6648
75.18	-75.6671
75.2	-75.6695
75.22	-75.6718
75.24	-75.6741
75.26	-75.6764
75.28	-75.6787
75.3	-75.681
75.32	-75.6833
75.34	-75.6856
75.36	-75.6879
75.38	-75.6902
75.4	-75.6925
75.42	-75.6947
75.44	-75.697
75.46	-75.6993
75.48	-75.7016
75.5	-75.7039
75.52	-75.7061
75.54	-75.7084
75.56	-75.7107
75.58	-75.7129
75.6	-75.7152
75.62	-75.7175
75.64	-75.7197
75.66	-75.722
75.68	-75.7242
75.7	-75.7265
75.72	-75.7287
75.74	-75.731
75.76	-75.7332
75.78	-75.7355
75.8	-75.7377
75.82	-75.7399
75.84	-75.7422
75.86	-75.7444
75.88	-75.7466
75.9	-75.7488
75.92	-75.7511
75.94	-75.7533
75.96	-75.7555
75.98	-75.7577
76	-75.7599
76.02	-75.7621
76.04	-75.7643
76.06	-75.7665
76.08	-75.7687
76.1	-75.7709
76.12	-75.7731
76.14	-75.7753
76.16	-75.7775
76.18	-75.7797
76.2	-75.7819
76.22	-75.7841
76.24	-75.7863
76.26	-75.7884
76.28	-75.7906
76.3	-75.7928
76.32	-75.795
76.34	-75.7971
76.36	-75.7993
76.38	-75.8015
76.4	-75.8036
76.42	-75.8058
76.44	-75.8079
76.46	-75.8101
76.48	-75.8122
76.5	-75.8144
76.52	-75.8165
76.54	-75.8187
76.56	-75.8208
76.58	-75.823
76.6	-75.8251
76.62	-75.8272
76.64	-75.8294
76.66	-75.8315
76.68	-75.8336
76.7	-75.8357
76.72	-75.8379
76.74	-75.84
76.76	-75.8421
76.78	-75.8442
76.8	-75.8463
76.82	-75.8484
76.84	-75.8505
76.86	-75.8526
76.88	-75.8547
76.9	-75.8568
76.92	-75.8589
76.94	-75.861
76.96	-75.8631
76.98	-75.8652
77	-75.8673
77.02	-75.8694
77.04	-75.8715
77.06	-75.8735
77.08	-75.8756
77.1	-75.8777
77.12	-75.8798
77.14	-75.8818
77.16	-75.8839
77.18	-75.886
77.2	-75.888
77.22	-75.8901
77.24	-75.8921
77.26	-75.8942
77.28	-75.8962
77.3	-75.8983
77.32	-75.9003
77.34	-75.9024
77.36	-75.9044
77.38	-75.9065
77.4	-75.9085
77.42	-75.9105
77.44	-75.9126
77.46	-75.9146
77.48	-75.9166
77.5	-75.9187
77.52	-75.9207
77.54	-75.9227
77.56	-75.9247
77.58	-75.9267
77.6	-75.9287
77.62	-75.9308
77.64	-75.9328
77.66	-75.9348
77.68	-75.9368
77.7	-75.9388
77.72	-75.9408
77.74	-75.9428
77.76	-75.9448
77.78	-75.9468
77.8	-75.9488
77.82	-75.9507
77.84	-75.9527
77.86	-75.9547
77.88	-75.9567
77.9	-75.9587
77.92	-75.9606
77.94	-75.9626
77.96	-75.9646
77.98	-75.9665
78	-75.9685
78.02	-75.9705
78.04	-75.9724
78.06	-75.9744
78.08	-75.9764
78.1	-75.9783
78.12	-75.9803
78.14	-75.9822
78.16	-75.9842
78.18	-75.9861
78.2	-75.988
78.22	-75.99
78.24	-75.9919
78.26	-75.9939
78.28	-75.9958
78.3	-75.9977
78.32	-75.9996
78.34	-76.0016
78.36	-76.0035
78.38	-76.0054
78.4	-76.0073
78.42	-76.0093
78.44	-76.0112
78.46	-76.0131
78.48	-76.015
78.5	-76.0169
78.52	-76.0188
78.54	-76.0207
78.56	-76.0226
78.58	-76.0245
78.6	-76.0264
78.62	-76.0283
78.64	-76.0302
78.66	-76.0321
78.68	-76.034
78.7	-76.0358
78.72	-76.0377
78.74	-76.0396
78.76	-76.0415
78.78	-76.0434
78.8	-76.0452
78.82	-76.0471
78.84	-76.049
78.86	-76.0508
78.88	-76.0527
78.9	-76.0546
78.92	-76.0564
78.94	-76.0583
78.96	-76.0601
78.98	-76.062
79	-76.0638
79.02	-76.0657
79.04	-76.0675
79.06	-76.0694
79.08	-76.0712
79.1	-76.073
79.12	-76.0749
79.14	-76.0767
79.16	-76.0785
79.18	-76.0804
79.2	-76.0822
79.22	-76.084
79.24	-76.0858
79.26	-76.0877
79.28	-76.0895
79.3	-76.0913
79.32	-76.0931
79.34	-76.0949
79.36	-76.0967
79.38	-76.0985
79.4	-76.1003
79.42	-76.1021
79.44	-76.1039
79.46	-76.1057
79.48	-76.1075
79.5	-76.1093
79.52	-76.1111
79.54	-76.1129
79.56	-76.1147
79.58	-76.1165
79.6	-76.1183
79.62	-76.12
79.64	-76.1218
79.66	-76.1236
79.68	-76.1254
79.7	-76.1271
79.72	-76.1289
79.74	-76.1307
79.76	-76.1324
79.78	-76.1342
79.8	-76.136
79.82	-76.1377
79.84	-76.1395
79.86	-76.1412
79.88	-76.143
79.9	-76.1447
79.92	-76.1465
79.94	-76.1482
79.96	-76.15
79.98	-76.1517
80	-76.1535
80.02	-76.1552
80.04	-76.1569
80.06	-76.1587
80.08	-76.1604
80.1	-76.1621
80.12	-76.1638
80.14	-76.1656
80.16	-76.1673
80.18	-76.169
80.2	-76.1707
80.22	-76.1724
80.24	-76.1741
80.26	-76.1759
80.28	-76.1776
80.3	-76.1793
80.32	-76.181
80.34	-76.1827
80.36	-76.1844
80.38	-76.1861
80.4	-76.1878
80.42	-76.1895
80.44	-76.1912
80.46	-76.1928
80.48	-76.1945
80.5	-76.1962
80.52	-76.1979
80.54	-76.1996
80.56	-76.2013
80.58	-76.2029
80.6	-76.2046
80.62	-76.2063
80.64	-76.2079
80.66	-76.2096
80.68	-76.2113
80.7	-76.2129
80.72	-76.2146
80.74	-76.2163
80.76	-76.2179
80.78	-76.2196
80.8	-76.2212
80.82	-76.2229
80.84	-76.2245
80.86	-76.2262
80.88	-76.2278
80.9	-76.2295
80.92	-76.2311
80.94	-76.2327
80.96	-76.2344
80.98	-76.236
81	-76.2376
81.02	-76.2393
81.04	-76.2409
81.06	-76.2425
81.08	-76.2442
81.1	-76.2458
81.12	-76.2474
81.14	-76.249
81.16	-76.2506
81.18	-76.2522
81.2	-76.2539
81.22	-76.2555
81.24	-76.2571
81.26	-76.2587
81.28	-76.2603
81.3	-76.2619
81.32	-76.2635
81.34	-76.2651
81.36	-76.2667
81.38	-76.2683
81.4	-76.2699
81.42	-76.2714
81.44	-76.273
81.46	-76.2746
81.48	-76.2762
81.5	-76.2778
81.52	-76.2794
81.54	-76.2809
81.56	-76.2825
81.58	-76.2841
81.6	-76.2857
81.62	-76.2872
81.64	-76.2888
81.66	-76.2904
81.68	-76.2919
81.7	-76.2935
81.72	-76.295
81.74	-76.2966
81.76	-76.2981
81.78	-76.2997
81.8	-76.3012
81.82	-76.3028
81.84	-76.3043
81.86	-76.3059
81.88	-76.3074
81.9	-76.309
81.92	-76.3105
81.94	-76.312
81.96	-76.3136
81.98	-76.3151
82	-76.3166
82.02	-76.3182
82.04	-76.3197
82.06	-76.3212
82.08	-76.3227
82.1	-76.3243
82.12	-76.3258
82.14	-76.3273
82.16	-76.3288
82.18	-76.3303
82.2	-76.3318
82.22	-76.3334
82.24	-76.3349
82.26	-76.3364
82.28	-76.3379
82.3	-76.3394
82.32	-76.3409
82.34	-76.3424
82.36	-76.3439
82.38	-76.3454
82.4	-76.3468
82.42	-76.3483
82.44	-76.3498
82.46	-76.3513
82.48	-76.3528
82.5	-76.3543
82.52	-76.3558
82.54	-76.3572
82.56	-76.3587
82.58	-76.3602
82.6	-76.3616
82.62	-76.3631
82.64	-76.3646
82.66	-76.3661
82.68	-76.3675
82.7	-76.369
82.72	-76.3704
82.74	-76.3719
82.76	-76.3734
82.78	-76.3748
82.8	-76.3763
82.82	-76.3777
82.84	-76.3792
82.86	-76.3806
82.88	-76.3821
82.9	-76.3835
82.92	-76.3849
82.94	-76.3864
82.96	-76.3878
82.98	-76.3893
83	-76.3907
83.02	-76.3921
83.04	-76.3935
83.06	-76.395
83.08	-76.3964
83.1	-76.3978
83.12	-76.3993
83.14	-76.4007
83.16	-76.4021
83.18	-76.4035
83.2	-76.4049
83.22	-76.4063
83.24	-76.4077
83.26	-76.4092
83.28	-76.4106
83.3	-76.412
83.32	-76.4134
83.34	-76.4148
83.36	-76.4162
83.38	-76.4176
83.4	-76.419
83.42	-76.4204
83.44	-76.4218
83.46	-76.4231
83.48	-76.4245
83.5	-76.4259
83.52	-76.4273
83.54	-76.4287
83.56	-76.4301
83.58	-76.4315
83.6	-76.4328
83.62	-76.4342
83.64	-76.4356
83.66	-76.437
83.68	-76.4383
83.7	-76.4397
83.72	-76.4411
83.74	-76.4424
83.76	-76.4438
83.78	-76.4452
83.8	-76.4465
83.82	-76.4479
83.84	-76.4492
83.86	-76.4506
83.88	-76.4519
83.9	-76.4533
83.92	-76.4546
83.94	-76.456
83.96	-76.4573
83.98	-76.4587
84	-76.46
84.02	-76.4614
84.04	-76.4627
84.06	-76.464
84.08	-76.4654
84.1	-76.4667
84.12	-76.468
84.14	-76.4694
84.16	-76.4707
84.18	-76.472
84.2	-76.4733
84.22	-76.4747
84.24	-76.476
84.26	-76.4773
84.28	-76.4786
84.3	-76.4799
84.32	-76.4812
84.34	-76.4826
84.36	-76.4839
84.38	-76.4852
84.4	-76.4865
84.42	-76.4878
84.44	-76.4891
84.46	-76.4904
84.48	-76.4917
84.5	-76.493
84.52	-76.4943
84.54	-76.4956
84.56	-76.4969
84.58	-76.4982
84.6	-76.4995
84.62	-76.5007
84.64	-76.502
84.66	-76.5033
84.68	-76.5046
84.7	-76.5059
84.72	-76.5071
84.74	-76.5084
84.76	-76.5097
84.78	-76.511
84.8	-76.5122
84.82	-76.5135
84.84	-76.5148
84.86	-76.5161
84.88	-76.5173
84.9	-76.5186
84.92	-76.5198
84.94	-76.5211
84.96	-76.5224
84.98	-76.5236
85	-76.5249
85.02	-76.5261
85.04	-76.5274
85.06	-76.5286
85.08	-76.5299
85.1	-76.5311
85.12	-76.5324
85.14	-76.5336
85.16	-76.5349
85.18	-76.5361
85.2	-76.5373
85.22	-76.5386
85.24	-76.5398
85.26	-76.541
85.28	-76.5423
85.3	-76.5435
85.32	-76.5447
85.34	-76.5459
85.36	-76.5472
85.38	-76.5484
85.4	-76.5496
85.42	-76.5508
85.44	-76.552
85.46	-76.5533
85.48	-76.5545
85.5	-76.5557
85.52	-76.5569
85.54	-76.5581
85.56	-76.5593
85.58	-76.5605
85.6	-76.5617
85.62	-76.5629
85.64	-76.5641
85.66	-76.5653
85.68	-76.5665
85.7	-76.5677
85.72	-76.5689
85.74	-76.5701
85.76	-76.5713
85.78	-76.5725
85.8	-76.5737
85.82	-76.5749
85.84	-76.5761
85.86	-76.5772
85.88	-76.5784
85.9	-76.5796
85.92	-76.5808
85.94	-76.582
85.96	-76.5831
85.98	-76.5843
86	-76.5855
86.02	-76.5866
86.04	-76.5878
86.06	-76.589
86.08	-76.5901
86.1	-76.5913
86.12	-76.5925
86.14	-76.5936
86.16	-76.5948
86.18	-76.5959
86.2	-76.5971
86.22	-76.5983
86.24	-76.5994
86.26	-76.6006
86.28	-76.6017
86.3	-76.6029
86.32	-76.604
86.34	-76.6051
86.36	-76.6063
86.38	-76.6074
86.4	-76.6086
86.42	-76.6097
86.44	-76.6108
86.46	-76.612
86.48	-76.6131
86.5	-76.6143
86.52	-76.6154
86.54	-76.6165
86.56	-76.6176
86.58	-76.6188
86.6	-76.6199
86.62	-76.621
86.64	-76.6221
86.66	-76.6233
86.68	-76.6244
86.7	-76.6255
86.72	-76.6266
86.74	-76.6277
86.76	-76.6288
86.78	-76.6299
86.8	-76.631
86.82	-76.6322
86.84	-76.6333
86.86	-76.6344
86.88	-76.6355
86.9	-76.6366
86.92	-76.6377
86.94	-76.6388
86.96	-76.6399
86.98	-76.641
87	-76.6421
87.02	-76.6431
87.04	-76.6442
87.06	-76.6453
87.08	-76.6464
87.1	-76.6475
87.12	-76.6486
87.14	-76.6497
87.16	-76.6507
87.18	-76.6518
87.2	-76.6529
87.22	-76.654
87.24	-76.6551
87.26	-76.6561
87.28	-76.6572
87.3	-76.6583
87.32	-76.6593
87.34	-76.6604
87.36	-76.6615
87.38	-76.6625
87.4	-76.6636
87.42	-76.6647
87.44	-76.6657
87.46	-76.6668
87.48	-76.6678
87.5	-76.6689
87.52	-76.67
87.54	-76.671
87.56	-76.6721
87.58	-76.6731
87.6	-76.6741
87.62	-76.6752
87.64	-76.6762
87.66	-76.6773
87.68	-76.6783
87.7	-76.6794
87.72	-76.6804
87.74	-76.6814
87.76	-76.6825
87.78	-76.6835
87.8	-76.6846
87.82	-76.6856
87.84	-76.6866
87.86	-76.6876
87.88	-76.6887
87.9	-76.6897
87.92	-76.6907
87.94	-76.6917
87.96	-76.6928
87.98	-76.6938
88	-76.6948
88.02	-76.6958
88.04	-76.6968
88.06	-76.6979
88.08	-76.6989
88.1	-76.6999
88.12	-76.7009
88.14	-76.7019
88.16	-76.7029
88.18	-76.7039
88.2	-76.7049
88.22	-76.7059
88.24	-76.7069
88.26	-76.7079
88.28	-76.7089
88.3	-76.7099
88.32	-76.7109
88.34	-76.7119
88.36	-76.7129
88.38	-76.7139
88.4	-76.7149
88.42	-76.7159
88.44	-76.7169
88.46	-76.7179
88.48	-76.7188
88.5	-76.7198
88.52	-76.7208
88.54	-76.7218
88.56	-76.7228
88.58	-76.7238
88.6	-76.7247
88.62	-76.7257
88.64	-76.7267
88.66	-76.7277
88.68	-76.7286
88.7	-76.7296
88.72	-76.7306
88.74	-76.7315
88.76	-76.7325
88.78	-76.7335
88.8	-76.7344
88.82	-76.7354
88.84	-76.7363
88.86	-76.7373
88.88	-76.7383
88.9	-76.7392
88.92	-76.7402
88.94	-76.7411
88.96	-76.7421
88.98	-76.743
89	-76.744
89.02	-76.7449
89.04	-76.7459
89.06	-76.7468
89.08	-76.7478
89.1	-76.7487
89.12	-76.7496
89.14	-76.7506
89.16	-76.7515
89.18	-76.7525
89.2	-76.7534
89.22	-76.7543
89.24	-76.7553
89.26	-76.7562
89.28	-76.7571
89.3	-76.758
89.32	-76.759
89.34	-76.7599
89.36	-76.7608
89.38	-76.7617
89.4	-76.7627
89.42	-76.7636
89.44	-76.7645
89.46	-76.7654
89.48	-76.7663
89.5	-76.7673
89.52	-76.7682
89.54	-76.7691
89.56	-76.77
89.58	-76.7709
89.6	-76.7718
89.62	-76.7727
89.64	-76.7736
89.66	-76.7745
89.68	-76.7754
89.7	-76.7764
89.72	-76.7773
89.74	-76.7782
89.76	-76.779
89.78	-76.7799
89.8	-76.7808
89.82	-76.7817
89.84	-76.7826
89.86	-76.7835
89.88	-76.7844
89.9	-76.7853
89.92	-76.7862
89.94	-76.7871
89.96	-76.788
89.98	-76.7888
90	-76.7897
90.02	-76.7906
90.04	-76.7915
90.06	-76.7924
90.08	-76.7933
90.1	-76.7941
90.12	-76.795
90.14	-76.7959
90.16	-76.7967
90.18	-76.7976
90.2	-76.7985
90.22	-76.7994
90.24	-76.8002
90.26	-76.8011
90.28	-76.802
90.3	-76.8028
90.32	-76.8037
90.34	-76.8046
90.36	-76.8054
90.38	-76.8063
90.4	-76.8071
90.42	-76.808
90.44	-76.8088
90.46	-76.8097
90.48	-76.8105
90.5	-76.8114
90.52	-76.8122
90.54	-76.8131
90.56	-76.8139
90.58	-76.8148
90.6	-76.8156
90.62	-76.8165
90.64	-76.8173
90.66	-76.8182
90.68	-76.819
90.7	-76.8198
90.72	-76.8207
90.74	-76.8215
90.76	-76.8223
90.78	-76.8232
90.8	-76.824
90.82	-76.8248
90.84	-76.8257
90.86	-76.8265
90.88	-76.8273
90.9	-76.8282
90.92	-76.829
90.94	-76.8298
90.96	-76.8306
90.98	-76.8315
91	-76.8323
91.02	-76.8331
91.04	-76.8339
91.06	-76.8347
91.08	-76.8355
91.1	-76.8364
91.12	-76.8372
91.14	-76.838
91.16	-76.8388
91.18	-76.8396
91.2	-76.8404
91.22	-76.8412
91.24	-76.842
91.26	-76.8428
91.28	-76.8436
91.3	-76.8444
91.32	-76.8452
91.34	-76.846
91.36	-76.8468
91.38	-76.8476
91.4	-76.8484
91.42	-76.8492
91.44	-76.85
91.46	-76.8508
91.48	-76.8516
91.5	-76.8524
91.52	-76.8532
91.54	-76.854
91.56	-76.8548
91.58	-76.8556
91.6	-76.8563
91.62	-76.8571
91.64	-76.8579
91.66	-76.8587
91.68	-76.8595
91.7	-76.8602
91.72	-76.861
91.74	-76.8618
91.76	-76.8626
91.78	-76.8633
91.8	-76.8641
91.82	-76.8649
91.84	-76.8657
91.86	-76.8664
91.88	-76.8672
91.9	-76.868
91.92	-76.8687
91.94	-76.8695
91.96	-76.8703
91.98	-76.871
92	-76.8718
92.02	-76.8726
92.04	-76.8733
92.06	-76.8741
92.08	-76.8748
92.1	-76.8756
92.12	-76.8763
92.14	-76.8771
92.16	-76.8778
92.18	-76.8786
92.2	-76.8793
92.22	-76.8801
92.24	-76.8808
92.26	-76.8816
92.28	-76.8823
92.3	-76.8831
92.32	-76.8838
92.34	-76.8846
92.36	-76.8853
92.38	-76.8861
92.4	-76.8868
92.42	-76.8875
92.44	-76.8883
92.46	-76.889
92.48	-76.8897
92.5	-76.8905
92.52	-76.8912
92.54	-76.8919
92.56	-76.8927
92.58	-76.8934
92.6	-76.8941
92.62	-76.8949
92.64	-76.8956
92.66	-76.8963
92.68	-76.897
92.7	-76.8978
92.72	-76.8985
92.74	-76.8992
92.76	-76.8999
92.78	-76.9006
92.8	-76.9013
92.82	-76.9021
92.84	-76.9028
92.86	-76.9035
92.88	-76.9042
92.9	-76.9049
92.92	-76.9056
92.94	-76.9063
92.96	-76.907
92.98	-76.9078
93	-76.9085
93.02	-76.9092
93.04	-76.9099
93.06	-76.9106
93.08	-76.9113
93.1	-76.912
93.12	-76.9127
93.14	-76.9134
93.16	-76.9141
93.18	-76.9148
93.2	-76.9155
93.22	-76.9162
93.24	-76.9169
93.26	-76.9175
93.28	-76.9182
93.3	-76.9189
93.32	-76.9196
93.34	-76.9203
93.36	-76.921
93.38	-76.9217
93.4	-76.9224
93.42	-76.923
93.44	-76.9237
93.46	-76.9244
93.48	-76.9251
93.5	-76.9258
93.52	-76.9265
93.54	-76.9271
93.56	-76.9278
93.58	-76.9285
93.6	-76.9292
93.62	-76.9298
93.64	-76.9305
93.66	-76.9312
93.68	-76.9318
93.7	-76.9325
93.72	-76.9332
93.74	-76.9339
93.76	-76.9345
93.78	-76.9352
93.8	-76.9359
93.82	-76.9365
93.84	-76.9372
93.86	-76.9378
93.88	-76.9385
93.9	-76.9392
93.92	-76.9398
93.94	-76.9405
93.96	-76.9411
93.98	-76.9418
94	-76.9424
94.02	-76.9431
94.04	-76.9437
94.06	-76.9444
94.08	-76.945
94.1	-76.9457
94.12	-76.9463
94.14	-76.947
94.16	-76.9476
94.18	-76.9483
94.2	-76.9489
94.22	-76.9496
94.24	-76.9502
94.26	-76.9509
94.28	-76.9515
94.3	-76.9521
94.32	-76.9528
94.34	-76.9534
94.36	-76.954
94.38	-76.9547
94.4	-76.9553
94.42	-76.9559
94.44	-76.9566
94.46	-76.9572
94.48	-76.9578
94.5	-76.9585
94.52	-76.9591
94.54	-76.9597
94.56	-76.9604
94.58	-76.961
94.6	-76.9616
94.62	-76.9622
94.64	-76.9629
94.66	-76.9635
94.68	-76.9641
94.7	-76.9647
94.72	-76.9653
94.74	-76.966
94.76	-76.9666
94.78	-76.9672
94.8	-76.9678
94.82	-76.9684
94.84	-76.969
94.86	-76.9696
94.88	-76.9702
94.9	-76.9709
94.92	-76.9715
94.94	-76.9721
94.96	-76.9727
94.98	-76.9733
95	-76.9739
95.02	-76.9745
95.04	-76.9751
95.06	-76.9757
95.08	-76.9763
95.1	-76.9769
95.12	-76.9775
95.14	-76.9781
95.16	-76.9787
95.18	-76.9793
95.2	-76.9799
95.22	-76.9805
95.24	-76.9811
95.26	-76.9817
95.28	-76.9823
95.3	-76.9829
95.32	-76.9835
95.34	-76.984
95.36	-76.9846
95.38	-76.9852
95.4	-76.9858
95.42	-76.9864
95.44	-76.987
95.46	-76.9876
95.48	-76.9881
95.5	-76.9887
95.52	-76.9893
95.54	-76.9899
95.56	-76.9905
95.58	-76.991
95.6	-76.9916
95.62	-76.9922
95.64	-76.9928
95.66	-76.9933
95.68	-76.9939
95.7	-76.9945
95.72	-76.9951
95.74	-76.9956
95.76	-76.9962
95.78	-76.9968
95.8	-76.9973
95.82	-76.9979
95.84	-76.9985
95.86	-76.999
95.88	-76.9996
95.9	-77.0002
95.92	-77.0007
95.94	-77.0013
95.96	-77.0019
95.98	-77.0024
96	-77.003
96.02	-77.0035
96.04	-77.0041
96.06	-77.0046
96.08	-77.0052
96.1	-77.0058
96.12	-77.0063
96.14	-77.0069
96.16	-77.0074
96.18	-77.008
96.2	-77.0085
96.22	-77.0091
96.24	-77.0096
96.26	-77.0102
96.28	-77.0107
96.3	-77.0113
96.32	-77.0118
96.34	-77.0123
96.36	-77.0129
96.38	-77.0134
96.4	-77.014
96.42	-77.0145
96.44	-77.0151
96.46	-77.0156
96.48	-77.0161
96.5	-77.0167
96.52	-77.0172
96.54	-77.0177
96.56	-77.0183
96.58	-77.0188
96.6	-77.0193
96.62	-77.0199
96.64	-77.0204
96.66	-77.0209
96.68	-77.0215
96.7	-77.022
96.72	-77.0225
96.74	-77.023
96.76	-77.0236
96.78	-77.0241
96.8	-77.0246
96.82	-77.0251
96.84	-77.0257
96.86	-77.0262
96.88	-77.0267
96.9	-77.0272
96.92	-77.0277
96.94	-77.0283
96.96	-77.0288
96.98	-77.0293
97	-77.0298
97.02	-77.0303
97.04	-77.0308
97.06	-77.0314
97.08	-77.0319
97.1	-77.0324
97.12	-77.0329
97.14	-77.0334
97.16	-77.0339
97.18	-77.0344
97.2	-77.0349
97.22	-77.0354
97.24	-77.0359
97.26	-77.0365
97.28	-77.037
97.3	-77.0375
97.32	-77.038
97.34	-77.0385
97.36	-77.039
97.38	-77.0395
97.4	-77.04
97.42	-77.0405
97.44	-77.041
97.46	-77.0415
97.48	-77.042
97.5	-77.0424
97.52	-77.0429
97.54	-77.0434
97.56	-77.0439
97.58	-77.0444
97.6	-77.0449
97.62	-77.0454
97.64	-77.0459
97.66	-77.0464
97.68	-77.0469
97.7	-77.0474
97.72	-77.0478
97.74	-77.0483
97.76	-77.0488
97.78	-77.0493
97.8	-77.0498
97.82	-77.0503
97.84	-77.0508
97.86	-77.0512
97.88	-77.0517
97.9	-77.0522
97.92	-77.0527
97.94	-77.0531
97.96	-77.0536
97.98	-77.0541
98	-77.0546
98.02	-77.055
98.04	-77.0555
98.06	-77.056
98.08	-77.0565
98.1	-77.0569
98.12	-77.0574
98.14	-77.0579
98.16	-77.0583
98.18	-77.0588
98.2	-77.0593
98.22	-77.0598
98.24	-77.0602
98.26	-77.0607
98.28	-77.0611
98.3	-77.0616
98.32	-77.0621
98.34	-77.0625
98.36	-77.063
98.38	-77.0635
98.4	-77.0639
98.42	-77.0644
98.44	-77.0648
98.46	-77.0653
98.48	-77.0658
98.5	-77.0662
98.52	-77.0667
98.54	-77.0671
98.56	-77.0676
98.58	-77.068
98.6	-77.0685
98.62	-77.0689
98.64	-77.0694
98.66	-77.0698
98.68	-77.0703
98.7	-77.0707
98.72	-77.0712
98.74	-77.0716
98.76	-77.0721
98.78	-77.0725
98.8	-77.073
98.82	-77.0734
98.84	-77.0738
98.86	-77.0743
98.88	-77.0747
98.9	-77.0752
98.92	-77.0756
98.94	-77.076
98.96	-77.0765
98.98	-77.0769
99	-77.0774
99.02	-77.0778
99.04	-77.0782
99.06	-77.0787
99.08	-77.0791
99.1	-77.0795
99.12	-77.08
99.14	-77.0804
99.16	-77.0808
99.18	-77.0813
99.2	-77.0817
99.22	-77.0821
99.24	-77.0826
99.26	-77.083
99.28	-77.0834
99.3	-77.0838
99.32	-77.0843
99.34	-77.0847
99.36	-77.0851
99.38	-77.0855
99.4	-77.086
99.42	-77.0864
99.44	-77.0868
99.46	-77.0872
99.48	-77.0876
99.5	-77.0881
99.52	-77.0885
99.54	-77.0889
99.56	-77.0893
99.58	-77.0897
99.6	-77.0901
99.62	-77.0906
99.64	-77.091
99.66	-77.0914
99.68	-77.0918
99.7	-77.0922
99.72	-77.0926
99.74	-77.093
99.76	-77.0934
99.78	-77.0938
99.8	-77.0943
99.82	-77.0947
99.84	-77.0951
99.86	-77.0955
99.88	-77.0959
99.9	-77.0963
99.92	-77.0967
99.94	-77.0971
99.96	-77.0975
99.98	-77.0979
